   4185 3R
   3618 2R
   3490 2L
   3454 3L
   2669 X
    113 Y
    111 4
     38 mitochondrion_genome
     19 rDNA
      2 Unmapped_Scaffold_8_D1580_D1567
      2 211000022280494
      1 211000022280703
      1 211000022280645
      1 211000022280481
      1 211000022280347
      1 211000022280341
      1 211000022280328
      1 211000022280133
      1 211000022279708
      1 211000022279681
      1 211000022279555
      1 211000022279531
      1 211000022279529
      1 211000022279528
      1 211000022279446
      1 211000022279392
      1 211000022279342
      1 211000022279264
      1 211000022279222
      1 211000022279188
      1 211000022279165
      1 211000022279134
      1 211000022279132
      1 211000022279108
      1 211000022279055
      1 211000022278985
      1 211000022278880
      1 211000022278879
      1 211000022278878
      1 211000022278877
      1 211000022278875
      1 211000022278760
      1 211000022278750
      1 211000022278724
      1 211000022278664
      1 211000022278604
      1 211000022278603
      1 211000022278522
      1 211000022278498
      1 211000022278449
      1 211000022278436
      1 211000022278309
      1 211000022278307
      1 211000022278298
      1 211000022278282
      1 211000022278279
      1 211000022278158
