 126430 3R
 110410 2R
 101047 3L
  97448 X
  97312 2L
   7838 4
    639 Y
    151 mitochondrion_genome
     59 rDNA
     43 Unmapped_Scaffold_8_D1580_D1567
     14 211000022280328
     12 211000022279188
      8 211000022278760
      6 211000022280494
      4 211000022278449
      3 211000022280703
      3 211000022280645
      3 211000022280481
      3 211000022280347
      3 211000022280341
      3 211000022280133
      3 211000022279708
      3 211000022279681
      3 211000022279555
      3 211000022279531
      3 211000022279529
      3 211000022279528
      3 211000022279446
      3 211000022279392
      3 211000022279342
      3 211000022279264
      3 211000022279222
      3 211000022279165
      3 211000022279134
      3 211000022279132
      3 211000022279108
      3 211000022279055
      3 211000022278985
      3 211000022278880
      3 211000022278879
      3 211000022278878
      3 211000022278877
      3 211000022278875
      3 211000022278750
      3 211000022278724
      3 211000022278664
      3 211000022278604
      3 211000022278603
      3 211000022278522
      3 211000022278498
      3 211000022278436
      3 211000022278309
      3 211000022278307
      3 211000022278298
      3 211000022278282
      3 211000022278279
      3 211000022278158
