8027
72
1226
1370
5300
1370
466
981
1129
1011
354
6185
2844
2282
8673
2796
70802
1252
1444
4737
917
1438
1097
2430
1208
1101
907
2848
1756
18594
2709
4805
2453
2279
1310
154151
11777
1903
48544
1298
2475
3861
7871
1626
1294
8373
2346
14278
3915
475
1498
1802
4390
2235
2571
1643
2061
7551
1146
447
499
35115
593
881
719
722
6959
2591
2155
667
590
1500
1107
489
61856
2266
12720
543
3316
839
3300
1636
1545
1301
987
6906
2970
1387
1883
3808
5353
3612
1657
819
1884
1656
6926
2665
1591
2460
928
4678
3361
11930
4284
3443
1840
1596
1114
4359
4486
12070
32650
404
32545
3012
3168
2159
3791
2559
3122
1206
2869
34137
3400
4039
3326
3564
18121
1377
2275
892
145235
577
1617
99
3091
1125
1634
870
853
979
3539
2622
1761
1151
1227
12080
7906
4544
2835
1230
1097
2478
1106
7049
1087
2830
6606
5829
1089
18490
3514
1454
2341
2709
5124
1096
8638
756
977
1166
2230
3827
2650
1083
913
1490
13339
21468
3449
3431
10086
907
2723
1992
1706
534
887
1100
16186
1216
12750
3904
1337
1989
1814
668
48405
21408
653
3166
1470
15381
4061
6105
2309
5461
1849
2390
4178
8221
2047
2271
1851
1901
3036
9048
1185
12162
7560
2063
2866
2238
10609
2342
2507
1981
1090
2197
4895
1955
1470
25877
1664
1855
931
1537
45602
7201
2333
1647
2985
3576
3691
2292
2345
1934
966
5868
7662
4988
4526
2690
2205
1277
2729
3820
1155
946
1525
37352
1206
167328
523
952
1909
8788
1571
1225
865
72
61000
1659
690
267
594
546
557
1099
873
3465
2831
840
1047
1672
922
1184
1187
487
1087
394149
948
23436
1375
729
1436
1106
970
1591
5266
1442
14189
1225
29872
15026
2666
2167
64405
13841
774
5860
72
72
11407
2220
6319
4066
3419
3418
6468
2563
3221
9785
4470
5468
1678
1450
4869
1229
12997
1623
5162
573
2383
4720
1709
2378
468
4572
521
2230
415
508
921
2045
940
522
73207
2688
2579
1243
3440
72792
5234
1599
1868
888
1034
2246
6916
1282
1996
4178
4992
223710
14235
2982
2196
1985
860
1594
1922
6060
2919
16789
948
1200
7632
589
1392
1032
1411
1088
169106
1260
955
1933
1663
3769
2166
1308
1157
2704
2188
13742
2884
2560
1951
64903
5687
701
2956
47357
1307
2164
2846
3404
2235
1022
3039
5612
2673
4601
1147
1872
3083
10077
1875
4331
1793
4178
1433
2404
668
1205
22265
71
827
1172
3523
2256
4945
3731
2788
3014
2517
957
4426
4926
4296
1569
8592
18658
9220
2261
4221
6148
986
1313
24756
2645
2672
2049
1461
1482
2655
20421
3850
1685
10377
14819
12767
2763
2080
2060
2372
2075
1703
8763
7568
2665
1715
5727
2048
4999
3290
6041
3244
1775
951
7188
1463
2875
3582
2771
20617
5970
2134
73
1879
1779
4577
2452
1783
1851
2291
1815
1386
2232
793
2549
2203
12455
471
406
483
2404
4441
955
2104
1246
7273
1772
1303
1610
969
2817
3720
164
7970
1185
6506
1480
17488
1533
1430
957
2637
4646
7184
904
49632
991
9328
3685
913
719
2449
17475
1547
3215
3158
64341
912
2310
4568
1444
2064
11146
1186
1232
1756
3252
7999
1868
1982
3243
13325
4771
556
1219
5604
2310
2426
970
898
4909
4455
1436
7348
1763
2396
905
41305
1638
1004
3547
1722
2539
4586
804
2328
7354
1723
1893
8411
1600
19156
7557
2555
1767
2015
2609
2609
1124
2771
4967
40003
3333
11538
1686
5519
3184
1525
1309
3062
1434
6157
10706
2689
2121
8162
1592
2649
1009
2538
5003
16785
1665
1515
1344
1426
1335
1627
23519
12446
3735
1183
4796
10629
4050
10173
2333
1707
1100
1757
2514
1468
1648
3464
5322
1705
4225
4882
2207
3712
13918
553
5404
1580
1437
6444
3664
972
1352
2354
537
1365
23622
40857
2481
2405
1135
3892
1798
5848
1499
1365
1276
1862
6363
3049
3727
886
1258
2227
1737
40910
1132
1865
5173
5837
2340
39895
845
1937
4972
5472
2100
35484
3104
55579
767
1081
34621
3889
3898
4108
1019
989
996
2207
592
1501
3018
11017
2185
1051
5277
5218
825
2539
4898
6379
4978
2202
1583
1354
654
2360
4348
1744
840
2854
11079
3755
3747
3476
1375
5696
2347
2736
12747
1314
1396
4521
6036
11883
2874
941
4211
1016
2189
1656
2251
2766
947
2114
1352
1605
2380
3182
763
690
908
890
1507
8898
1313
1111
3117
579
4692
1710
707
25176
1022
831
725
682
826
780
4481
15754
5362
529
6122
5648
3580
3933
7646
1726
2932
7564
12605
1981
30277
1310
1621
648
701
1456
4579
2096
3179
72
2649
6364
10351
4146
880
1617
2458
992
2954
998
2316
114820
3842
874
5173
906
1794
758
10079
1067
566
483
741
1506
2216
5336
1835
6822
38188
809
2787
6408
1556
862
3265
489
855
728
64803
1103
704
633
1503
1875
12777
1519
3559
13042
6592
621
882
5283
3852
78
1069
1477
1243
72
855
1600
1814
2827
1423
1175
8089
8868
4121
2368
1317
2474
2690
1428
1895
3420
3965
2092
1753
1611
1850
1120
1023
15537
1562
739
1167
3464
7120
632
1393
12089
1480
2825
1413
1994
5704
2077
1505
5290
1962
7144
5399
958
736
1330
1360
8154
641
3091
694
4323
6615
2507
2647
1010
2048
1457
1789
1829
10495
3947
22295
2703
2571
1571
831
1753
2582
1474
4182
1130
1014
1424
1198
4535
10218
1190
1266
4629
4299
1658
3831
2396
5381
4196
3677
2222
10084
952
999
7482
2007
5838
1859
9080
1114
839
5990
8266
14487
13198
5517
1791
1174
1472
6191
19214
1290
1892
1369
3746
2251
1042
2205
603
73
1889
5224
3542
1554
14774
948
9434
1031
2158
4357
1238
14095
722
4921
1734
1778
3460
3041
1853
1933
9294
24532
2234
1747
3928
164
2529
1330
2674
2904
3186
27456
4582
1459
449
603
3453
3761
3603
2806
12421
1301
1007
3829
706
1928
3844
409
2160
6973
2611
5713
2072
1746
1508
1228
1171
2211
3942
3404
2670
693
1860
13787
21469
1108
4098
6853
12352
1897
2796
3513
2567
12120
7367
15736
1995
5841
1906
1294
1126
1473
1547
8708
2619
1564
1668
10822
569
1206
7671
3110
1733
1935
3068
1112
21423
1387
2267
438
1902
3245
4065
16048
904
16913
72
1541
1899
2064
1832
4419
22280
743
608
19561
12314
3103
7604
905
11394
3585
6821
52385
72
1213
1248
1671
10054
898
2560
4163
2529
919
1241
3923
148
1804
7990
918
32270
16224
1300
1537
1008
1127
2989
2347
898
1604
2618
1004
3696
7418
2894
37765
1805
1786
863
1811
3669
608
15608
13325
5326
5786
1155
778
1363
1512
1014
565
19730
554
1459
33252
3590
7570
2397
2779
1332
636
1196
1167
4146
2507
3511
884
3167
2473
3078
5868
683
1639
760
2011
1462
5629
1733
910
1302
1897
2269
897
927
2392
1916
2191
4870
906
2285
1589
6344
3254
10102
8904
2362
745
331
1795
964
657
7445
1717
2309
4897
2154
3021
2957
6648
1105
5928
1559
689
1415
2538
1482
6655
7466
8132
1314
1642
1998
5791
934
1414
28350
1509
703
6107
5187
3517
11117
1765
8864
3284
13632
960
3825
3966
4901
22296
1871
6530
977
1954
2283
1552
1694
1562
16317
7270
4567
2070
2864
1786
4404
73
1362
17062
1552
31757
3341
11354
4166
2097
1277
1467
37532
3027
2559
1230
2594
898
3345
2112
10270
5910
1991
865
3049
1179
9485
1469
949
8307
12927
1765
789
1434
7286
1564
3296
687
2376
15496
9357
4158
4550
15100
1407
1638
2114
2561
18829
14150
6643
2395
3393
3374
1321
10320
8391
5951
2249
575
7422
1693
5890
2987
1277
7767
3768
1410
2102
8145
23413
7886
600
1331
1296
3197
1952
9036
3745
4785
4398
1017
1158
976
5514
3254
2977
2514
2648
7875
1751
4200
5927
811
71
2840
15494
1104
10106
774
10856
1054
1037
17303
1037
12875
1176
2663
4617
3764
7399
1307
1437
4232
6058
6791
2883
10571
1969
1471
6989
746
1621
1771
3467
592
1195
987
941
73
1948
1156
1535
5613
958
5456
1684
4493
2986
6792
4130
1320
1497
42707
13343
1387
18899
2671
1167
864
1497
4668
657
25392
1223
7046
3797
1089
1172
797
4350
97
1238
1058
1172
5281
15608
3369
2207
740
72
1566
1660
1766
2120
3808
12299
72
129895
73
72
72
628
2695
2798
14978
1415
72
14304
3308
2513
3113
2981
1805
432
495
792
767
987
1296
4107
72
72
1956
925
4026
968
1037
829
821
920
3592
3318
3186
3438
30781
22386
1133
3052
72
3036
2135
2354
2088
2054
3093
774
1898
1227
940
1280
776
1962
868
5334
613
1472
37985
1192
1094
19534
7517
1184
3562
3604
7039
4909
3100
5571
7762
83434
2589
1219
8359
1946
527
4179
9755
3937
1444
990
1647
995
74
26716
18851
1134
1958
781
705
1614
2308
4145
3239
6641
21848
825
669
8074
2351
3513
16983
834
1993
2248
1519
3207
19031
3701
1006
1305
1670
1350
6116
1077
1852
3037
4702
1063
2110
1199
113
68
81
81
1147
3467
839
2233
34984
10894
5058
3790
2623
6265
1723
3110
11632
1389
1318
2579
1791
1944
3933
2352
7405
829
2660
2205
1574
16561
1677
643
1182
4237
6031
7176
1073
2832
978
2844
2046
1033
1124
2778
2515
1659
5452
2047
908
1630
3265
1284
1104
1940
1255
3738
2762
2461
991
6491
2633
2105
1259
4975
1423
2192
1160
1779
1322
1693
1608
7547
4815
5903
2563
1555
3085
11010
4565
2970
999
2156
2927
1524
2389
4574
1855
2917
2918
5606
2132
2826
2526
1775
2042
3989
2707
10423
882
1760
1282
3000
4567
952
1935
4207
1827
2266
758
3609
1921
2887
9407
2510
746
627
1310
4538
1325
1102
655
3418
3856
2997
12251
3154
725
2779
1024
7514
2137
3044
1164
538
943
983
9120
1933
2595
503
1229
1379
1263
3471
556
1270
1651
1129
5624
1436
8497
667
952
1784
514
53793
1266
1432
3658
5216
878
1851
5371
598
2624
1285
1283
1298
2210
1257
4866
29072
1719
506
4253
3653
1810
5267
2173
1399
1623
2246
7977
499
4216
10343
839
1714
994
1073
4685
2505
5683
1771
5235
14764
2243
6935
2015
5185
928
8683
2145
1018
44947
1717
1304
5577
1142
1093
3689
15112
1675
1341
680
1263
1401
514
1185
1944
2924
1212
1321
1234
3003
863
2790
1044
1153
984
1157
1591
1680
6685
1942
2632
1926
1640
4881
2208
776
4147
2059
2528
6657
1033
1441
1444
2202
3429
1163
3002
3420
15537
2385
27729
839
2464
683
1111
138435
2402
630
1466
2436
1383
2896
1896
2521
1336
3750
1537
1994
6828
3564
1288
35840
718
1298
2053
4524
1066
1079
29142
947
3885
1959
1020
5788
1495
4161
913
3503
1829
898
1117
2599
2467
4195
4363
4213
1221
2508
8718
2662
1738
6159
6879
4214
1364
2627
3988
1829
4249
1426
5081
7067
192
1420
1959
993
718
1020
2804
1785
127
3958
1168
2780
11672
3020
1248
964
1405
1126
2386
3481
2084
2464
1008
2882
1665
5251
2551
881
680
863
656
1033
3634
3016
192
1042
6194
8131
2199
7137
2864
409
459
6389
12057
1198
4309
896
1366
3156
1684
48705
939
488
1960
1549
793
491
2273
825
1445
1465
7443
2369
893
26954
930
1923
6479
2306
6154
6369
1795
6009
1740
970
63149
1048
1299
930
3568
2387
570
2721
2847
5834
1411
855
2259
1801
3793
557
3115
2108
1482
40461
1582
1997
2268
3144
6325
2368
54232
1143
1391
2278
378
852
72
18506
852
1697
2007
3182
11638
1841
3620
2160
641
875
18922
2955
1552
3161
72
72
72
828
72
712
71
71
71
71
1225
1158
1301
1318
5976
1621
2603
1958
1652
6757
2127
1168
680
875
726
1826
18374
2632
2448
3847
22140
3688
4590
5837
18987
38578
84
7386
1839
12900
2569
823
1048
1669
1560
2273
1996
1668
2284
707
948
814
1658
31256
919
875
4986
1713
1050
1713
1050
3638
2048
1851
2530
2217
6757
126
1760
74090
1491
995
924
842
1549
6062
1519
2325
679
1618
720
2893
1414
1574
1970
41413
1137
6711
31720
491
57302
1476
1646
5172
3219
720
1090
948
905
1846
1824
1343
2906
665
2787
1823
2677
1929
2142
1063
597
1606
1850
10199
7326
1074
13172
1435
1498
1299
3808
1016
24175
2464
11772
1516
3179
4288
2035
16082
718
1500
2668
779
24800
48295
2507
1423
1075
3761
10300
3948
1877
1799
1679
2560
10305
5016
8955
1461
5095
3351
6417
2123
2438
4052
19068
2371
4772
954
582
4944
11910
2190
13248
6803
20894
657
1121
3225
2190
1684
2299
858
965
1304
1293
1295
1717
856
16605
1128
73098
2655
24999
2859
1939
5852
3171
807
1124
24115
2084
636
985
1412
2924
3538
3658
1839
828
10403
2320
2588
2977
13611
1375
1661
19914
985
709
11490
2221
1534
590
742
3039
1981
2459
1553
674
13743
1652
1520
1833
19848
1092
1120
2508
73340
2980
876
485
823
2163
771
2605
3953
14481
4539
757
2719
44521
1953
1768
2674
5495
786
16232
11550
1379
2908
1932
982
2452
450
1294
3230
3169
2290
2402
9927
21755
3180
1683
5970
2142
2559
30033
18072
2678
2679
1134
2500
5081
2445
2090
2977
3478
625
1390
5266
4868
667
1230
3071
1753
809
4744
4004
1432
4745
866
3957
2170
45943
2525
3824
29172
1753
421
3019
5020
1770
1614
920
2655
2575
1966
9762
2456
11013
1831
2226
832
27614
3896
18280
1346
1096
2267
2164
2031
828
6221
5175
1802
3268
6878
8124
3026
3068
24559
1589
2809
1864
5359
3468
3492
1603
1418
4728
4101
6630
6300
3885
657
1316
934
7945
1229
1497
1431
2206
145447
1590
1168
1259
1584
3396
935
8252
6430
1607
1423
2474
1918
1045
2108
679
142
191
127
1353
1166
1567
959
847
595
579
563
2350
192
829
127
3079
17009
2550
1371
14088
28459
2960
7329
13942
1718
2282
5795
925
762
1713
2115
1419
3208
837
1112
37168
14821
29508
5376
1675
1620
1169
1038
653
598
1560
1168
710
2793
1262
3894
3132
2343
31127
2926
16810
2441
939
662
2180
9910
12405
1443
16617
4917
1553
1598
8433
1688
4536
2320
2495
1896
1712
4658
1173
47597
1365
2992
718
1904
3407
1408
5012
5649
1625
1579
29688
1918
1398
2057
2450
4616
958
2880
5326
10748
1244
19835
4239
8251
2541
143
1310
1331
16317
5502
2448
1179
2457
7909
13797
10400
13665
6073
6769
13320
1799
23973
1463
2516
2293
2217
73
1980
3421
36628
3392
2660
1929
1378
4211
4191
637
6328
1426
11178
7263
73
1324
316
73
793
1956
1589
72
1136
5767
6547
2853
20895
2481
16725
2247
1051
1956
4745
918
1668
1286
1107
413
468
420
467
756
1484
13641
1233
1588
2738
2027
2745
2573
943
567
72
1757
4883
2669
10593
73
73
299
1921
2207
4086
1153
2196
4224
3123
1070
2241
2859
2484
2829
2951
26862
73
73
73
3625
1331
1002
16715
1167
948
960
1034
2115
9160
1312
796
820
910
1124
872
638
1295
1413
2173
1118
971
1398
64162
1734
73
1835
1330
906
798
1059
1409
1270
2151
2138
5391
1735
2580
6733
16734
5019
2299
1556
4162
2851
2531
1381
1196
3106
2389
2700
4061
43086
3701
1274
2182
4334
13391
5350
1602
3530
1694
1906
1754
2277
2563
897
2167
656
1233
4472
1619
2820
1735
4103
27766
2275
10960
3231
1778
2043
3883
1887
3046
34077
73
73
73
73
73
74
1880
14581
1094
2295
1049
2187
14036
4020
2955
1223
738
795
1275
1331
910
1657
1594
1308
721
773
642
3066
1718
2987
1069
776
2597
1856
1100
14768
1760
935
1898
1173
7136
1184
1954
2332
3511
1863
2724
1361
773
410
1027
3658
5835
94
94
93
1526
4625
2581
93
93
1559
677
2225
1289
1282
1088
1319
2041
2331
5078
2123
1681
2184
1252
1517
3747
6307
1757
2283
4671
1260
831
2869
73
1329
7193
2332
677
1545
1446
18995
11797
1909
1327
5551
6843
1081
1331
4304
1934
5932
1960
982
1315
1575
1954
1377
3590
3587
10751
1121
1582
4783
1672
1139
1680
1437
1953
1878
1489
775
1028
2572
171340
1947
8048
19124
370
4628
914
8422
1584
12792
2067
592
2290
1534
2366
1362
1124
3473
4717
3838
1030
1965
1900
1706
990
26944
2651
1001
1109
34870
1210
1501
4932
11231
1714
1992
1774
2995
5343
2640
33765
1356
2033
12525
2256
1732
1564
1382
1383
2030
10993
5042
11032
5393
5716
1008
2850
23465
1177
4253
2161
1774
3250
2301
1210
1141
2091
1814
1713
16182
4774
1087
2507
5481
32594
1946
1146
3220
2823
1587
2823
2991
4671
1616
4460
2182
1193
998
3245
42040
964
1052
5883
3258
3406
964
2625
1011
2954
1776
3599
1578
5968
3152
1337
1687
2329
1017
885
2645
7845
548
18448
9024
2188
4082
13644
3300
8702
1553
728
1362
1546
947
41342
2306
1506
1246
1048
3751
1777
1115
5151
2531
1250
11431
16309
3808
82
6501
1286
9133
1935
942
1916
1829
4252
4319
487
1104
5447
1257
2627
740
2203
921
1912
1260
1848
2545
1476
2458
1612
1078
3467
1746
1183
962
3103
2304
13637
681
1661
878
943
1694
1704
3189
1692
10879
1514
3764
2244
2569
2617
1116
2566
1888
2647
2292
2382
1194
1652
1364
3280
1162
1466
628
938
1339
2300
938
2561
1792
951
2585
1263
2443
1372
2167
2232
963
1968
1848
1744
1805
1652
2824
1732
1036
839
2394
3621
7878
702
1806
1674
29588
5968
7704
14245
2216
843
2318
2451
6838
6838
725
2102
2651
3730
1639
1610
1564
4448
4721
703
1234
2107
887
654
10746
1431
2138
5801
4974
902
1414
1671
3462
3371
1305
3197
1588
4179
29521
4793
2845
2218
941
2520
9593
2379
4359
2375
1703
1203
11299
1444
1919
1817
2042
2382
55618
992
3231
2833
46759
2113
15964
7656
5884
13527
4288
1395
2384
16545
72
1533
2309
19763
6619
22238
1875
961
4022
2089
2959
72
1662
1013
2406
44049
411
1767
1690
3248
734
746
725
840
780
756
808
2289
1607
1576
3453
7424
839
1300
1676
1546
1610
1290
1488
2297
1194
1951
2689
2923
1823
1402
960
1014
4123
1265
1658
72
2129
1925
1891
1085
1029
1584
5895
2202
1394
7060
733
1872
2005
2347
2347
2386
2889
2465
2542
1312
1367
1437
1553
4853
6284
11129
1477
2490
2251
7554
725
1776
37157
1723
9340
6777
614
865
1596
7182
2097
2566
2320
4068
2932
2324
2737
1874
1323
1203
18758
1173
3703
5885
2133
2536
4697
5503
1306
10316
1192
686
5493
1810
2037
2630
1564
20370
75226
2056
2606
2927
851
1753
1753
1136
9697
17671
1775
851
1050
911
1872
5675
4807
1218
3541
3567
10138
6777
1741
4341
699
1668
3178
749
5744
1890
1448
3337
447
6139
3062
534
6672
1665
1147
1159
2875
1329
36567
935
5712
971
2862
2393
729
1026
1435
585
10596
6118
576
2920
7524
2882
9985
1461
2600
2373
1348
3184
7823
1172
1119
3389
73
73
2319
5576
7771
1590
7497
3686
1839
851
2169
2768
1323
1686
2191
2671
1381
3463
1685
1159
1223
7572
856
1695
858
31034
2909
1379
1821
917
10949
668
1128
1665
2082
1025
2070
2424
49432
2719
2704
945
3433
1393
1386
3159
6000
1016
3834
788
4332
82
981
13206
2031
1090
4051
863
4457
789
1558
1037
43539
3431
6499
4135
1028
1006
854
2016
587
506
587
30863
9346
860
11299
1782
1740
1373
2022
15888
6674
5416
542
1237
998
483
889
44404
999
2664
2170
2178
2570
1695
3175
1284
2691
2157
1663
879
4456
1732
1132
2670
1563
1202
3749
2713
5346
8906
6750
1265
784
1860
1758
5153
10886
1867
16312
756
2144
872
3116
852
1702
1100
1871
953
5005
1815
4524
1680
851
5100
2552
1808
2702
2035
1159
2281
8855
13631
4473
1545
2177
2130
1062
3177
3205
2524
5349
1550
2945
1867
688
1670
4810
1855
1975
10025
1804
1952
930
4113
2382
2060
3379
2209
999
1542
7261
1019
4206
5441
4702
1402
667
33948
24331
1109
1902
3759
1758
437
3225
1288
1637
974
800
1379
19871
4575
1374
6997
1903
1283
18069
3603
1370
1070
9614
3107
1193
1081
511
1970
11990
1094
27025
878
2693
10154
10029
15718
1335
1024
9875
3345
6443
2013
7006
3075
1384
4780
674
1701
888
1035
7596
6885
29124
2608
16785
8485
1591
34679
2621
1422
2943
73
73
1714
1840
1774
29034
2761
5084
3409
1944
2455
3512
1398
2217
74
1743
1168
1804
1306
2182
1308
2877
3961
1644
574
1993
10857
1530
592
8815
1165
553
74
29257
1679
7978
1932
6230
3402
2828
2106
1846
1929
1925
2908
1567
2374
1711
31065
594
77804
3217
1103
1177
1933
1983
994
7789
9121
494
1606
3004
4334
4265
2341
1530
1545
4223
3720
1911
45025
22836
2009
1714
1214
4538
3659
1076
909
1087
1085
973
2170
1044
1911
32797
5959
49136
4938
1197
988
1088
851
6004
2153
1241
3810
2458
717
774
1427
1585
1222
1573
767
576
20732
887
2217
1761
513
7317
16505
46116
2322
4728
672
751
2436
1175
1225
73
589
73
72
819
1886
72
72
73
73
22307
73
2558
1105
711
1383
1176
1752
73
73
73
73
73
74
74
914
73
519
72
656
1310
4431
2263
7431
784
10860
1243
1007
1734
1816
1407
2025
1719
1929
13060
654
1787
2090
1672
1536
44781
72
72
1521
771
7769
779
12293
2378
2194
15145
1873
948
1221
3411
8020
425
3384
8341
2965
816
2284
1276
402
3493
3055
1919
29797
12868
11129
680
1534
10014
2158
551
1342
3258
1666
2740
1181
2161
2553
7102
724
903
3006
1060
1063
1485
17636
1407
16369
28527
131314
6811
1552
2344
8847
2965
1570
2373
1232
5290
416
2504
6136
494
49945
35934
1979
10489
896
1036
5164
2914
12307
72
758
1677
1222
1597
4147
1755
762
1105
648
1229
907
11156
49389
1304
1573
2345
537
1664
1870
723
602
1272
34969
2057
1979
2965
6366
987
20438
3289
1370
3356
23487
1085
15367
1060
1278
2454
512
2006
1863
1829
2840
2091
1546
1188
1421
1138
1031
981
1033
1995
3101
2213
2404
1881
2100
1413
3925
5821
27293
1978
1900
1998
73
73
74
1822
1844
73
5498
1481
9305
16695
1196
7093
991
2374
1573
6312
8050
9109
2078
465
6672
2766
1504
2508
1544
3333
19677
2176
1750
1554
3070
1729
79236
3322
2323
3628
1972
1017
1204
6318
1952
1541
10262
1877
2302
1218
5438
1591
1028
1391
2451
4930
327
979
1399
5077
645
2024
1257
3730
1322
1000
340
1831
12136
1079
650
2330
19402
3387
6978
8800
3251
1077
2792
1105
1070
1776
25560
1128
7338
3856
4563
5761
5651
84
1648
2228
4064
1629
1766
1582
573
53998
1176
1329
7320
2842
681
912
665
593
585
628
72
72
72
6308
14918
36318
602
2869
6045
5914
927
2720
2485
5387
1774
5101
37431
1172
3070
838
2792
2915
2389
4739
1646
2029
2505
3953
1384
1855
1148
768
1000
3490
14785
4065
2763
2792
930
1368
996
945
17920
3120
1831
1148
3767
2801
18124
1283
854
21710
26556
2994
1570
2956
4961
24155
31302
2007
2740
867
3032
7339
2881
1524
5120
12829
7671
2288
47358
1787
40568
1631
8522
4327
3738
3385
3435
762
1076
1511
2960
1184
2496
2761
3181
20154
1776
1800
1680
823
531
834
1748
5573
1206
1252
1245
39275
4423
645
5508
1516
815
1685
1163
3092
1427
2177
1024
2137
2461
1506
1248
3831
2992
1788
162297
5592
5616
1247
569
4569
4027
1961
2745
4033
2570
82
82
2405
2702
2142
1974
2350
82
82
1916
3226
1294
1590
1016
6051
1063
1815
1779
954
646
18458
1072
553
794
10205
1261
1437
21088
1231
2937
1790
19420
4987
477
1367
1198
4231
4154
7746
1653
8577
2335
923
1253
1393
6436
10937
1614
559
4166
1989
2332
1932
986
25474
43130
3000
2210
1696
968
2213
2272
2267
1367
7085
1496
1531
3268
10268
2977
3025
1503
2839
1505
62448
1174
1559
895
1223
1274
3064
429
672
1215
1259
3461
3718
1551
1464
1451
42215
4547
2696
4549
4426
3551
2280
5492
5818
3509
2238
2923
2040
1973
1959
3018
2035
21177
2391
862
1300
8210
1401
2461
3918
2254
1396
1677
1638
1680
2621
1916
1811
1823
8723
1438
5829
63595
1121
526
8850
1686
845
22666
1064
961
1478
2481
1893
1985
1782
3709
1181
1787
8169
1748
1268
1118
3935
1898
2088
2283
5544
1027
2656
1025
5977
63909
2989
123
2474
2649
2629
2700
164
164
1020
2038
746
1090
2053
3905
20053
1563
2097
2445
1886
756
34290
4111
1357
6256
4797
802
1686
1263
28800
1787
673
29891
164
2101
4768
1379
2810
702
4529
968
644
14908
4348
3042
6096
2550
1489
4299
11517
1427
3049
2426
1516
305
19687
1694
3490
25073
4088
1173
1888
717
1906
1532
2207
2280
2446
45884
4164
2231
5210
4486
84
2533
2005
4663
9620
3816
3724
2275
7060
1296
1152
796
1062
1164
1279
874
63262
4236
2133
2206
2012
900
979
2050
1869
4897
4862
3760
1034
2220
914
5720
2851
4062
2740
1769
72
107
107
107
9044
3252
645
1655
1450
14774
3010
1761
2094
25497
786
1201
5879
4651
488
29429
3780
6665
1583
9902
1057
6537
8478
759
3269
1286
2302
4434
1783
2872
1933
72
4280
2688
1870
72
8320
13140
5453
2883
542
507
2217
1177
1748
1681
1745
3248
2105
8568
5293
2209
1889
2870
4542
1428
2910
2164
1908
38484
1227
4117
1039
1070
1087
1750
3459
928
988
1587
1506
2195
1088
2247
5404
1832
1728
5703
3291
1879
2926
1174
1102
1285
5374
4037
545
6247
3354
10054
8424
1005
14438
2412
2127
2530
1282
1489
1243
1443
9325
1862
552
1914
1305
1401
1605
1502
1457
1478
1427
1523
1515
4832
4587
2267
743
4967
1280
3881
1674
6161
1705
1552
1651
1623
2807
1515
1985
1598
1651
2137
1608
1420
1423
2455
1536
1560
2019
1894
8166
864
10713
2758
1803
741
2005
92306
786
3425
14032
8196
1957
5319
11406
847
2936
680
1224
1224
1096
2358
16517
6247
8528
882
325
195
378
653
1459
970
950
2036
21758
41739
2135
1429
1309
1611
4729
1532
1353
2269
2270
1536
2408
4955
1013
911
676
1767
1305
982
769
8176
1308
721
1798
22120
1744
848
877
891
1202
759
957
978
1593
1210
3995
16461
977
4453
14389
7523
1790
2105
3047
1507
1657
2052
366
2733
8482
65140
680
1748
1184
1107
908
1088
983
1114
870
1030
1936
549
891
5370
2225
16463
1045
840
807
1066
1093
757
1184
2292
711
3830
29264
29549
1715
1815
10949
7166
1611
3210
1157
2234
818
2894
1362
3754
8800
72
72
2112
4401
2758
2203
60956
1785
6949
1082
1324
1512
2561
1788
2945
5942
1834
1754
2008
1407
2663
2066
1064
2915
9581
22178
26311
3071
1556
3804
3197
1427
4649
5081
6292
1142
1147
1141
1144
1108
5352
967
861
2625
3669
2824
62395
1190
28040
675
1161
5413
6948
1057
7461
2052
2774
1590
2892
4230
2042
13069
1392
1394
1411
3537
9834
9657
20567
1941
11371
1347
867
11829
326
1311
890
1341
2068
7887
4534
3441
2410
709
3544
1053
21377
1228
1228
1890
2062
5226
4872
818
1074
1246
1279
2740
1319
1066
503
975
4836
56607
1506
32446
2544
19660
968
2747
5944
2294
2389
1220
1318
20899
38575
940
1236
1496
3278
7674
572
27161
1230
4289
5253
4288
2127
2185
2154
2323
2043
3703
1692
736
27430
45369
17104
2099
12448
7519
2327
3355
2490
9993
1229
1212
1234
1491
3278
45909
3127
2000
4878
6788
7126
3732
6845
5866
1317
5106
1938
2792
6142
3975
4248
1479
3383
1522
1212
1474
770
23804
1193
1899
1157
1216
604
2389
4550
3770
3704
2014
1349
1916
416
4142
4773
1995
607
4483
4391
3438
811
8859
1694
2330
678
1768
4607
3256
4435
500
3726
1064
664
9531
792
643
3576
2038
1415
2193
837
770
868
1106
3678
2177
1927
1194
8237
6670
1498
13043
26173
985
4786
1240
1512
12230
18652
1307
2507
1686
964
862
5769
1356
586
1440
825
2797
7821
1027
1531
2838
1347
3658
1180
1460
3121
1477
7360
1678
1856
3149
5568
12470
3353
3353
1546
2196
2184
647
1273
1641
2302
6639
1439
5830
1915
4577
1728
7452
14751
3117
3487
1342
3478
933
912
745
728
1631
304
4809
1181
716
1757
2268
227
455
1903
916
94451
2781
583
2543
2850
664
898
4205
2606
80
80
2726
2045
3076
6216
19750
2166
933
1914
1991
2204
46299
2689
2293
1836
1964
2446
2114
1788
8519
3283
1500
9979
2031
2132
1997
2383
3576
4341
913
2860
10233
971
8423
2127
1966
1595
862
18389
14216
1664
6651
5599
1712
3944
1822
1413
16995
812
659
1329
1360
1602
1927
2608
7448
3612
18155
1187
2702
2830
6610
7126
1300
48640
529
1031
514
1112
43887
1028
6807
1327
10558
815
2451
1421
1281
2782
4467
1242
16574
2948
652
3486
299
1167
2411
17374
1772
9785
6354
834
7758
23134
3565
7294
1720
1736
1917
16023
1413
4865
3216
1490
3893
1723
1634
1535
4241
42511
8507
21526
965
4839
759
897
4252
2945
13662
5819
1812
1302
3320
3316
1604
1469
2176
3282
2881
906
1461
1734
877
33962
12789
1424
2915
13163
6680
168534
315
315
303
4964
44946
2991
8419
33134
2020
4252
747
2031
4025
654
1759
1107
1486
5858
443
622
1776
3151
18185
1624
8577
620
7073
8385
60042
765
3424
2563
2957
2433
17732
1179
1109
73
73
74
74
73
74
73
73
2512
631
74
1104
2500
1251
4341
2250
880
74
701
73
73
81215
73
73
74
74
73
4798
1932
2202
4091
10116
2834
1780
6582
3103
1604
1060
1811
1298
1318
1527
8083
2343
14974
6817
52870
2952
11901
1248
4430
27543
5847
4189
2051
3299
589
1053
1458
17341
1525
1758
2731
4243
2574
7074
1743
1303
914
19572
1338
1366
16198
5230
974
3219
1132
2681
2616
935
1547
10005
2413
1594
2711
30854
1564
803
1774
2880
11584
1001
980
2181
6109
2242
10428
4267
3031
1096
73
73
73
73
27024
900
1486
2824
982
520
515
576
1591
1687
3077
2579
4769
2032
693
817
1830
14711
72
1011
2860
911
2782
1306
3657
4833
72
854
2540
5321
2516
11337
1017
20558
3176
1750
1750
476
1064
937
440
962
4077
870
6075
1006
1717
3452
757
2174
549
619
886
609
473
960
963
8141
4155
3575
5466
2062
2943
2847
727
1130
5422
707
71
3099
71
2966
2938
2425
6541
1865
2637
935
1035
1384
73
588
582
793
74
72
73
651
6396
3998
885
2085
560
1773
72
72
72
72
72
3354
2039
2621
1527
1487
1704
3077
741
752
2027
1303
2860
281
786
992
1130
633
2465
624
5914
1163
1899
72
1124
4801
1344
1270
14689
1523
2386
11319
1013
744
854
2274
3946
5593
3654
4862
4423
3396
1773
82
73
73
5452
4416
1484
880
3024
6601
558
6455
3219
1092
1336
669
2544
728
640
81110
1766
54804
4118
3663
3443
1908
896
1229
1730
2935
72
761
2250
36562
2089
82
11296
2784
2911
1580
1120
496
505
1704
1654
1137
3742
9799
1404
7512
6664
6753
2061
1310
1191
1110
2528
2465
2714
6010
1344
3131
17361
71
6943
2452
430
345
429
840
449
284
1617
831
890
755
839
734
751
765
1122
788
9098
4809
3913
2873
2873
1453
1418
8320
2650
1166
940
2330
1446
1478
4579
2637
809
57659
41425
1726
3804
1882
277
766
532
6092
1864
1753
4565
2357
2054
4027
2057
677
1224
3551
6017
900
729
756
177
1033
79099
4943
4195
2447
4098
3315
701
4332
7884
7329
1178
17141
1746
1002
832
52757
501
1547
1002
1517
2089
1119
1099
1028
1449
1175
2052
2470
5838
1513
3591
1518
918
11671
2143
73
3598
606
667
7249
4248
69
87
73
86
88
73
87
69
77
76
67
67
67
72
77
67
1043
1748
6074
6074
4069
1905
2579
2064
2851
1818
16012
2587
5079
1776
3853
1539
520
9561
14743
1357
6179
2612
52954
2211
5169
6612
2790
3422
19882
8209
14391
1815
10147
1825
1000
1288
2742
8197
73
2702
19983
2702
5712
1179
5435
911
1136
3507
2115
757
474
60553
2348
5480
781
1123
1167
846
3277
1461
4251
4050
1937
3723
44445
1643
2140
2001
17699
1070
10719
15286
1641
5748
104210
980
1760
4593
2210
5380
1263
3549
435
524
316
1477
1248
9149
2932
2478
69712
3799
2975
1834
3086
1845
2873
2366
5150
829
1335
39342
1166
16483
622
2454
2317
2961
1764
2955
6356
936
895
639
22578
8593
2364
13967
7846
6521
3196
3256
5223
23629
1777
1823
11417
2139
5431
1607
9225
1615
4583
2865
738
746
2581
1656
2021
1764
2119
1972
2683
1223
2017
757
1904
1586
1721
1499
800
5506
19793
3039
3724
5577
2729
1142
90970
1483
1512
3037
2516
4434
1443
1253
1545
1699
1286
5239
14434
2066
4208
1871
2235
1204
1205
1475
27682
9838
14223
1964
10006
3850
7509
1485
1801
1601
4168
955
2495
741
1314
3543
4312
4528
18196
1570
1143
2405
796
7379
1102
3898
723
2827
2130
984
34452
2063
1348
557
800
2105
1711
25321
49266
3565
2453
1684
2937
933
945
948
3314
1286
9054
5402
2668
754
26055
892
952
1436
824
756
595
1252
1691
2696
5534
3035
2241
18988
5100
1309
7800
2527
1488
6323
1305
1422
3860
3583
4762
1665
1280
1967
539
1587
992
13127
2735
10128
2235
1810
13286
1961
1039
4139
3251
2522
8451
12644
938
2611
3373
26722
72227
2976
3809
1719
17193
3799
1688
1159
15240
1686
2412
1426
1897
1398
890
4424
2483
15529
1255
23858
791
3264
3106
5178
1234
1491
44505
348
2509
4702
3600
1071
17594
1659
996
1031
2079
1227
1785
7083
1258
10635
897
3048
2992
83211
4596
3618
3461
4366
8590
33781
1034
889
3388
871
4569
4936
750
814
3296
8355
2734
1098
20278
545
11521
3659
7135
1009
2097
799
1567
14928
2422
1295
1709
1809
768
7544
1853
2158
1822
2106
4339
2663
1224
6242
19790
826
1980
1960
14767
8747
2312
1161
894
2206
1406
72
1081
7294
71
9592
5861
3382
637
18418
3637
2968
3035
1670
1165
24450
1634
1009
3281
1987
1187
1408
1268
5096
1216
1538
33295
2345
2093
72
883
6947
71
72
12281
676
12799
4776
1348
2619
5181
37558
1877
1310
6393
2356
3721
11759
700
1442
1146
10100
919
1481
1470
10374
925
643
2376
2029
1238
1180
5126
2019
3063
4679
2450
15790
990
1044
1122
1080
1436
1151
2352
2830
10763
88775
15270
1029
3561
569
4708
1582
937
1170
971
3265
1296
1240
1313
1463
604
1182
1990
72
72
1194
910
818
10748
1575
1179
1958
3184
1719
823
3394
5592
2787
1193
2466
2377
401
1430
2507
2948
2755
3915
1334
4430
42507
4894
2320
2450
1216
2302
1900
12855
5461
1889
2936
8046
2946
1771
2210
1562
10661
1332
18221
34188
371
5026
73
706
4460
1100
2006
6547
689
2678
72
10579
1003
5273
1521
1188
2187
2331
658
8133
5506
3961
8168
2304
2343
3229
805
2930
1179
8521
1057
926
1059
3299
4066
2299
12766
1611
1842
6038
1947
2124
72
2051
17464
2026
1956
4981
5298
3772
1087
7302
5517
1606
1855
1217
453
2356
82
2537
1957
854
509
1560
708
714
1783
82
614
1340
1668
3518
21663
3304
3297
8221
723
2435
1431
3267
8802
538
989
3668
1059
2450
657
741
3983
3041
20472
1677
1463
71
22131
1606
1587
1698
1517
1253
20929
6394
1440
1743
3289
1131
533
646
757
1357
1128
2134
33282
6229
4098
5979
604
1664
17241
9883
2730
59682
12353
1842
1605
14719
9346
5129
2140
2008
1119
6672
2541
712
72
72
3369
3890
765
5542
456
680
4016
2014
817
2833
2616
5153
1452
940
1635
1527
2103
2345
914
2932
1310
4420
1867
762
648
1317
712
5012
2336
999
2620
579
7463
516
18465
72
72
540
1300
5721
5477
1143
6891
1489
15314
4543
6666
2041
2981
1094
3577
734
2760
19397
6278
7694
3459
1385
7196
1262
1528
3303
3534
1113
983
2038
775
7760
1009
1604
1933
1189
1104
34664
61646
1562
1114
874
4181
2656
8896
4839
5004
4603
8363
1048
2971
1079
1800
1791
1800
1785
3888
4263
1840
1064
1749
6991
4211
1739
19352
848
1890
3134
3105
5669
1810
16482
11279
10660
955
34856
3214
1681
1794
864
6417
9715
4113
6730
2990
8060
27829
7128
268
4370
3447
1129
884
1204
1566
1493
594
1627
7108
2136
4784
399
5063
2072
17504
10074
29548
1850
2000
1504
4571
82
5159
26951
1075
3285
754
854
943
749
557
2162
1513
1120
1008
2074
2340
1787
1826
1967
1929
1840
1684
2017
1186
4033
2303
3155
2131
34412
9778
1696
2952
2745
5977
42227
3531
3672
1177
1111
1958
413
7263
1514
2027
4441
963
4415
733
911
1114
1523
10965
674
651
749
5606
4962
2223
2653
5002
2278
1673
1625
1941
1252
1448
2537
9146
10723
3724
2289
2295
2121
3444
902
2426
1821
701
757
924
786
1348
2371
1513
2251
6714
3595
3917
1532
11024
611
1760
2167
439
4861
7307
1499
69154
477
80447
5893
2956
7182
1510
1354
1860
844
77874
1654
2914
2074
126324
2643
3859
5008
17888
10455
715
7133
2945
1691
3440
3102
1201
1385
4495
1522
4930
2122
1663
2104
506
963
1347
74
74
74
74
733
839
74
1015
5391
6683
1776
2194
1607
1072
1530
1394
2224
13027
4997
10207
73
7620
8229
1880
29590
610
74
1852
1846
4754
1757
862
15246
3422
3396
3860
3725
1055
733
5770
1081
1076
1285
860
592
2553
1266
2486
2831
2213
3539
1959
1521
2429
3820
21785
13993
4074
586
6257
2945
1138
2040
1546
6165
14754
6078
3522
2601
24294
511
2562
14998
6025
728
2302
3134
1803
2226
20066
960
1157
1746
35132
2877
1517
3232
2157
18465
10458
1627
2812
584
3958
2939
3388
2538
771
740
2179
1713
21470
1198
397
3389
1454
1383
897
1144
6213
1187
7535
3682
17678
834
3885
3146
3457
890
72
72
1748
3621
3417
3730
3260
3534
3488
393
753
957
1476
3392
1360
2893
1114
731
782
1209
2188
2529
1493
871
12441
3072
2107
13563
5788
1910
2459
1649
3529
2720
19883
6098
688
5131
2651
979
2061
804
813
5008
72
72
72
3752
3494
2315
5561
7778
782
630
2642
7043
1193
1273
2715
1881
2765
1755
386
415
1710
1371
19412
4850
3263
1792
6481
2040
467
420
1124
7970
8741
5034
1362
935
14979
779
18374
1109
1753
7001
8586
73
1878
27879
7036
3220
2275
2249
2380
1445
1483
2773
8457
3412
17710
2272
716
2138
12656
1686
73
865
9015
2080
9066
6501
14083
1803
1226
2295
2270
26599
73
73
10140
21463
38561
58309
2942
3876
471
504
953
550
1546
817
2261
1731
1309
816
1061
3692
1951
12150
952
1071
811
810
818
1166
1506
3578
72
5974
13228
72
12690
1620
1985
1036
727
1275
87
487
810
810
830
860
1047
911
947
937
1603
2018
741
811
2181
1409
4625
3488
791
1442
5661
728
871
1648
450
621
888
484
523
6059
2356
1994
563
3393
840
398
2467
32903
138423
3314
2003
7036
1651
1259
1138
2377
1201
724
4240
6382
2764
1030
742
1381
2362
501
35670
2158
8280
973
543
1154
381
8519
58656
1213
1951
7869
1044
1284
1036
27717
1028
1724
1101
2540
9543
785
1036
3237
444
597
471
2982
1612
2811
3869
8090
1591
6276
4591
4149
38009
1031
8214
1108
852
2765
2513
2983
1490
29154
33354
46498
2582
926
1053
2177
962
1838
1264
6559
4164
2596
1158
1969
1638
1477
3830
1395
1714
593
1962
5845
11248
2077
7718
3758
1089
1073
4665
1486
3130
399
14025
4451
32153
1233
614
45363
4270
9118
6126
10563
10841
1197
1059
72
1764
1314
1187
11822
4681
1091
1236
1497
1388
1028
1067
8539
4125
1788
9080
40512
1776
5040
72720
2163
820
3505
2021
8200
9023
1471
2234
4421
1484
797
1394
1878
11580
5461
1471
1344
605
2785
6189
10269
1717
12933
2470
877
80172
15260
3654
3323
1969
4615
3559
780
5879
1185
2974
3496
1196
3253
3204
2039
4666
2320
2099
2091
1235
2200
10966
5900
2609
1325
32788
2715
5427
9499
2931
3530
8727
2447
2568
1595
2153
3120
3211
57603
1365
27734
1508
5186
377
3388
3368
3711
2562
1220
4935
1023
722
648
10458
1218
1464
15759
2449
2415
12014
2828
6293
16555
5021
2974
3047
5214
1092
2486
1429
3170
918
2147
810
1483
2998
3406
1170
1649
1452
10482
730
2287
443
83
1397
2156
2668
588
1649
746
4742
23781
1141
538
5823
1525
2516
3099
1103
3450
808
1756
1431
2777
2991
971
3016
432
935
1070
7545
786
849
2605
2295
2156
2070
2340
2438
2008
58339
3018
1984
2241
3412
989
499
1129
15371
1695
1139
2074
2074
2691
2691
4176
1902
1816
5253
3623
7565
2023
1902
2944
74
4206
2142
2128
52274
3027
2709
499
643
1692
1603
941
605
857
3360
819
1250
870
1822
2160
658
9737
1146
4059
1693
2799
1173
1382
13475
783
803
7420
3584
2983
2031
1671
3348
25008
4724
3270
4412
1915
627
1154
2105
7343
1925
2822
1849
1817
1631
2841
1171
17748
3875
1996
1789
1809
13840
459
2249
1327
1359
2214
1770
1452
1359
8231
1961
5601
3262
2379
24325
13867
1699
2167
1554
1484
1516
913
4249
2379
2109
1605
1859
3044
2271
45619
18816
4002
22363
1001
680
777
1782
1485
3678
1515
25447
6592
866
1318
1465
6864
3280
2014
18235
2101
3837
740
506
15523
2180
2523
1484
2545
2128
1831
3444
2661
10284
1742
3711
5365
1969
1969
689
1015
10970
2293
4940
63976
3073
4323
1359
1825
684
2627
2055
2770
2727
1653
1860
1715
1325
1598
72676
2405
2341
1695
2302
1495
2753
2074
1765
1687
1863
1971
3658
74
74
1462
4079
3144
8444
8368
6241
6264
19509
5370
10426
9095
3259
19523
19586
6942
6955
2942
2507
15174
2730
16465
15617
3158
8195
6206
12740
9271
9754
2042
1407
2775
14776
1983
9332
11301
4614
12415
5937
12623
18198
3434
1159
9160
24329
10484
7466
7637
2047
687
16149
6851
15419
13469
7544
33958
10463
1956
6142
1138
40634
10961
34264
13412
21753
5117
186
94
121
108
95
127
121
3054
4123
1221
3206
1056
2477
593
2386
3953
3795
22277
457
8342
3353
765
2302
1740
2756
8784
1990
4660
1225
2574
1368
15575
7530
10904
10426
3448
5283
2924
7144
2114
7393
27526
5677
9418
3400
2281
1867
24706
1202
2922
3113
3602
2422
2770
7808
999
2148
2182
622
2497
2868
14443
2518
3713
4392
1785
4161
16069
2300
2328
1883
3413
21777
638
1681
71
240
2279
3527
4699
35030
2139
5032
5158
32669
2263
1690
6217
4288
138941
111613
1982
10582
3726
3716
1686
7633
8082
1673
9898
2926
1020
1143
817
1186
15145
124709
4664
55937
79148
1522
1357
2276
765
13354
1105
3114
1488
3392
13180
1626
629
890
2256
22013
3733
52075
72592
1116
6324
2013
5350
13319
19659
2936
1324
46483
25223
5876
391
580
702
1130
739
34235
90145
3118
2308
3137
6102
1064
1369
4731
7711
8568
1962
4220
5195
1285
8479
1177
2458
1718
1284
1542
21680
15403
27409
2479
5660
19955
125628
9246
9242
1201
31698
9258
24710
47502
1766
1700
4403
1597
13165
2806
1273
19870
7397
1130
4461
970
2527
4569
797
10108
3153
2402
2045
1832
3428
3428
1777
3312
10521
1358
607
1458
1502
1933
730
23371
1661
2165
2829
4157
11050
1310
1514
2557
3511
1233
7497
9643
2795
776
8245
8543
2543
1441
2288
3600
4729
939
3066
815
655
585
789
771
781
2861
2602
5671
2673
3091
562
573
513
711
4726
4304
7753
6232
1838
858
666
1718
603
2464
11614
2180
1676
5353
2170
3216
3037
3443
4763
6611
19455
27054
3460
604
14661
1492
1046
6829
3085
3373
2503
1599
3100
1436
2653
2421
4117
3350
1532
1283
11778
4015
1564
1750
924
1717
5971
6754
2388
1860
2229
2231
1555
1746
2079
2353
2687
24146
2900
943
3610
26828
960
1937
5553
3936
30739
465
2483
953
18443
874
36962
1496
730
2774
406
1290
8807
136839
72
72
135
135
135
143
135
135
135
135
135
135
144
135
135
135
135
135
135
135
137
135
135
135
135
135
135
135
135
135
135
135
135
135
135
135
135
135
135
135
134
135
135
135
135
135
135
135
135
135
135
135
135
135
134
135
135
135
135
135
135
135
135
135
135
143
135
135
135
135
135
135
135
135
135
135
135
135
135
135
135
135
135
135
135
135
135
135
135
135
135
135
135
135
135
135
135
135
135
135
135
135
104437
4510
10024
11332
4974
3715
2282
1634
4042
2683
2575
6567
2520
16779
3204
997
5862
4967
1336
4978
1116
724
726
724
724
724
725
724
724
724
724
724
2115
452
818
2134
1968
1503
1300
1228
4196
6876
613
3368
892
2129
1110
5355
5309
1288
2192
7391
1408
1305
3355
3557
3354
2508
2785
8422
843
4355
847
4788
843
4898
843
4422
2070
1940
5476
4107
1058
11219
4172
1563
6562
4080
4444
5390
5679
5397
1700
606
333
2644
23804
1678
3515
42360
4637
17389
5827
11247
2403
2898
2746
2784
1213
1256
2772
13188
5654
1106
894
827
1579
1409
1724
896
2080
1986
2723
1341
2128
52609
1544
1914
1194
1962
1902
1684
1368
9467
24185
1238
51089
18712
6259
578
720
70344
713
693
7364
9212
6574
43831
73
1202
71
73
72
84
74
73
72
4739
6957
13673
3073
12627
16402
21572
8200
23107
1986
8295
788
51960
419
73058
1305
28480
840
4093
7860
1671
3081
5485
32327
2129
49105
5581
20247
3270
24520
964
11318
45962
6113
3367
4987
1657
1196
5922
10864
20523
2092
3813
26844
4874
1400
23277
2337
2086
9936
8438
39065
23485
1439
5501
15378
9055
992
779
1137
10695
4330
10011
2813
1210
109486
19465
6062
940
2509
4236
30239
11210
1058
2858
9276
7458
60654
19744
24384
2581
10427
17524
32772
46951
2680
33857
20570
31754
4539
7206
2871
6783
2330
40868
9979
4772
16989
2384
42745
3589
856
1357
13650
2120
2211
1535
3918
19487
6561
1411
18408
4691
5809
4030
8551
3614
3495
4221
2833
35867
5585
9105
12371
2714
11506
14627
1509
2321
6709
12725
2486
2194
23546
6256
4205
28826
43402
9522
6258
3291
1212
34880
14081
16737
47794
118734
1645
11787
22074
3404
1394
22946
35231
22397
27797
11385
44508
83172
14063
32852
5277
4976
10552
9868
5519
7690
20583
2262
5097
6794
2008
6697
4091
3168
8246
8069
22260
3208
13725
7070
39676
45924
8716
2677
3368
2005
2064
10839
9093
6494
73
36461
1193
3790
1832
1832
3059
3059
3916
3916
4092
4092
1470
1470
80328
592
4174
4475
618
668
8314
173
704
639
2134
68
74
15265
814
697
780
762
589
552
583
10818
698
1345
1624
1624
40923
689
2393
1613
708
7171
3884
2732
131288
35
2034
2243
77
64
168
67
680
712
725
706
675
646
1757
17574
17574
1976
1976
914
72
2804
615
2007
2007
1238
829
27048
5896
17930
1310
5892
3184
1137
17164
382
6673
33238
143
682
1109
1444
140
7159
7159
779
47623
750
59
38412
4268
985
707
698
705
122124
2160
162
8067
1962
15325
28130
11132
52
759
40112
11426
315
613
653
993
31
860
860
43
10649
837
171
34
1361
1361
111
4635
4635
26891
4000
4000
4053
730
3838
49
9033
36
36
36
36
36
36
36
36
36
36
36
36
36
36
36
36
36
36
36
36
1819
781
1819
1935
1068
157
4720
1092
2037
2037
1757
1757
613
681
802
2334
17421
3642
3563
17335
220
1930
3505
1857
9416
1393
1603
652
647
715
610
653
562
593
616
593
23807
53
577
8914
596
700
46
96
798
668
1320
1320
1379
2604
2604
3975
3975
192
4657
17929
46
1434
307
14402
14402
781
73
78
2868
652
652
1189
599
20669
1313
2381
700
57608
132008
3351
4475
661
36194
1023
333
529
1023
493
529
1023
440
529
1023
476
529
1023
333
529
1023
493
529
1023
493
529
1023
493
529
1023
493
529
1023
493
529
1023
493
529
1023
493
529
1023
493
529
1023
493
529
1023
493
529
1023
493
529
1023
493
529
1023
493
529
1023
493
529
1023
493
529
1023
493
529
1023
493
529
1023
493
529
825
1999
595
526
595
528
595
528
595
528
595
413
595
413
595
413
595
413
595
413
595
413
595
413
595
413
595
413
595
413
595
413
595
413
595
413
595
413
595
413
595
412
595
413
595
413
595
13534
710
2283
63
6785
35
74
5782
5055
3503
15572
984
2816
1875
1875
113645
10118
10118
1251
1251
586
746
5815
5815
1164
715
9189
173
2628
729
731
444
3157
658
710
815
1981
880
558
55
3229
1390
1468
1468
5960
5960
7006
6413
605
3824
1694
561
913
1451
372
2061
295
4584
4584
6484
629
709
733
408
520
1143
47265
44919
28119
636
1954
2210
44517
1267
41464
2226
1863
1452
3899
2024
867
8470
1656
1213
5377
1584
1575
1454
1387
4785
4953
3557
3807
62952
3295
15015
12513
3020
677
1253
1560
3503
1656
1021
1298
1396
11051
413
3225
3729
1206
882
4355
6111
865
637
706
2002
694
768
2829
2200
795
13547
23140
1171
1311
1333
2868
2827
1862
6941
22657
2664
905
1134
1291
3148
4147
58027
22927
435
1789
3912
5632
1658
586
1154
13263
5216
4108
1451
758
3779
20170
989
1186
3624
1724
2169
1922
3826
8835
5143
3049
2782
13738
8554
923
354
5826
6153
22864
3292
3787
3926
1821
1156
4758
1452
560
49917
17167
923
43868
712
3768
8662
3839
1869
8168
2036
3622
18590
1038
13121
1536
4395
2636
6261
44234
14134
11162
1618
44366
49649
808
1490
7741
761
7485
1821
1924
583
31152
651
1275
1839
74
74
1948
453
3758
1654
1660
33262
400
1438
1462
1057
62663
3044
4812
1753
483
1058
1517
4782
9527
984
2980
45101
493
18065
1041
4683
5719
3942
2069
1480
1968
636
1483
3247
2351
1134
968
1304
1141
1093
1217
17207
2411
855
1546
1229
21774
723
14341
4859
7967
1554
979
922
929
6652
5901
4245
1047
6527
41280
4104
2362
3770
3669
15624
287
720
17794
17794
1786
713
92934
2060
1923
3351
6472
4887
1768
3901
581
947
663
3425
2145
1963
14859
25844
910
42381
2314
3156
1874
3194
866
8046
4975
30878
1504
1546
58456
847
5167
1199
1430
930
2628
7201
19530
1307
689
7426
1229
5625
4430
17623
1102
4694
3795
3583
3462
1622
589
1670
650
5096
32781
9849
992
3319
1866
5814
2073
19376
7406
3083
1307
818
1088
630
652
3534
2009
522
1478
802
671
9248
779
678
655
1881
729
840
1050
1367
686
735
829
616
1328
808
5363
639
519
1772
11305
624
766
13595
829
2001
726
2197
2614
1051
2124
2263
1922
1736
4300
514
1420
1091
962
507
629
3876
3876
1414
1393
2651
2651
41963
65
69
69
1026
66
62
66
1536
66
685
71
67
162
675
789
65
354
65
64
65
68
67
65
1717
66
291
66
61
525
1137
66
939
65
1325
73
786
4609
10322
3608
6772
2930
13363
32088
133933
11136
1439
1270
2345
12892
5696
4661
865
1839
1951
12844
11613
3092
1816
1191
865
2549
7587
13619
11099
21673
1379
1626
45356
1161
306
2019
3110
13067
1577
62350
574
42095
679
31649
24212
96691
77795
1447
796
484
17318
7020
727
11089
69154
972
974
1961
607
5795
485
18986
2011
1018
931
40665
1903
3694
7543
2676
33522
390
817
1126
669
275
91
91
2094
5646
37346
18341
23927
23927
54466
1804
803
1222
1176
1342
4606
616
1071
125704
35458
225026
1913
18591
1649
13701
1351
6299
758
2538
394
1787
1752
830
1433
1019
146551
6232
7345
132
184
136
134
1020
142
140
138
134
2329
143
82
388
86
133
130
141
142
152
83
141
2040
140
145
291
75
139
135
140
124
140
130
35232
133
79
11776
2898
91086
139
1159
136
1667
150
143
91
77
1400
140
79
85
56595
153
3175
155
391
147
214
139
136
100
135
132
414
7672
83
1404
150
133
33875
80
142844
140
11441
765
1991
151
80
138
1619
3638
151
141
215672
138
135
138
144
150
134
78
148
1526
140
159
140
85
132
75
71
142
76
138
1023
150
455
140
137
131
73
70644
1439
132
162
155
148
80
141
1286
1918
1962
177
407
140
145
129
140
75
5974
137
504
83
139
76
135
149
145
135
141
1424
248273
81
79
87
135
152
77
137
136
587
137
84
137
148
135
126
136
26617
137
140
151
144
504
134
15603
128
9921
136
150
1798
746
1937
532
1904
777
687
661
559
625
353
1319
5388
469
902
662
401
1150
1150
2056
429
795
424
712
1003
567
933
482
1100
745
2400
856
1246
510
532
751
406
1222
1154
594
547
1188
857
526
380
627
198
413
622
596
498
1590
738
1170
2443
2576
345
473
590
485
483
706
1646
904
660
2429
1161
941
408
889
683
421
534
882
11960
647
371
674
1080
734
1336
1059
908
1250
314
706
534
402
438
436
660
556
446
949
1949
2205
344
927
447
518
744
624
596
1643
742
951
501
569
1266
492
844
868
867
476
940
609
1079
833
376
825
545
362
838
840
11117
479
2429
6803
1617
3820
1102
1273
486
5376
7506
827
1130
6963
848
497
2719
699
2819
467
1960
441
425
29370
58318
7333
2248
60592
4862
27745
137878
93647
55309
59179
66125
165980
51171
64126
44848
6055
74230
6492
52492
40962
10424
12651
43661
31982
32764
5509
49461
41032
56120
31214
3273
9385
18291
39227
25385
14733
40511
9232
25831
34809
9217
20126
16654
44945
3880
30064
12862
9979
3491
27451
7046
95354
6971
48403
91687
93010
12196
593
1052
1754
1137
1049
809
884
1034
2551
723
898
1143
969
1007
1525
3620
1077
1089
1110
587
350
1592
1174
31720
1472
3531
1551
872
670
1727
627
1511
857
1985
884
1655
1108
687
885
318
435
420
1109
715
1058
348
2600
1307
1512
546
76329
663
238
1091
581
13559
7118
759
1165
2099
1266
895
715
765
1994
559
967
838
265
668
1258
462
506
1134
549
740
566
1110
540
569
1995
445
1012
530
1005
6005
524
834
1030
575
824
1697
1942
1543
1088
1975
252
752
2142
2165
479
30
1975
1281
789
1438
1259
1259
237
99
109
106
109
107
74
106
67
116
118
128
116
116
79
78
91
135
100
73
101
88
71
99
118
99
79
108
81
79
75
96
75
75
85
84
93
72
95
115
92
70
72
84
80
71
75
78
77
67
67
67
132
78
88
115
81
73
73
121
101
89
5411
1797
1236
2417
3410
1584
3847
1865
627
3645
14966
938
2290
1619
2540
3394
11980
14467
25327
1533
2700
5603
3470
10586
5095
13948
4548
3804
8134
7098
2486
2979
2067
775
2211
2133
5013
6708
1260
489
2247
70
2772
146
140
143
140
54614
3647
2549
841
604
34159
119787
1769
2935
145
154
137
268
143
140
144
139
145
164
141
144
140
140
148
11186
29402
32941
13258
34147
9782
4784
1816
1513
59508
13045
8017
28644
911
4179
4362
2371
4550
10951
2710
4451
5975
1276
21813
2155
2808
53425
1494
21373
17426
3953
4803
1467
3495
931
3954
3848
457
90031
1307
75931
3745
4368
6495
1804
16254
1127
2304
31677
16305
1224
123449
11822
129877
20435
5449
1505
6930
1169
2103
10199
57867
4779
16963
987
3813
16456
1092
123
5089
1353
5773
11384
5645
14025
8381
8162
12000
16844
2946
1988
981
135048
634
7218
2096
1150
657
32317
2225
483
572
860
3111
517
310
2449
960
905
632
824
1000
4353
1035
1053
1196
1612
1780
2918
1354
2341
1114
6806
7967
7936
86645
502
2187
9852
2114
3620
1817
6189
26342
36685
36660
10270
640
39103
11876
44618
26224
26016
1697
5189
4134
12805
14904
57291
12657
1253
3625
12295
2380
3654
28601
26384
5250
6007
2717
24526
59167
111765
14083
16580
75030
91072
4725
7474
648
784
1774
1329
1725
2088
1880
1874
3523
2332
1894
737
793
759
3368
3368
1294
3131
4340
781
3622
12978
41689
47453
64812
30725
8237
10578
6236
24074
16532
4589
38449
11412
17826
22804
10510
857
19079
12382
34031
34579
10538
2985
10051
72180
101201
19931
68594
35624
37801
42352
39477
1235
1548
1753
53143
31774
21427
4009
24851
19464
76790
11888
11888
854
1322
1405
2202
1042
1116
1983
1983
640
908
5218
552
33556
1397
2078
744
817
3073
1172
649
2376
2376
2376
943
1177
1540
1540
1540
1540
24371
118203
13307
795
640
1482
1964
1122
3581
10971
706
5367
4212
17084
2060
1450
2144
732
9070
26388
47427
7672
4229
697
557
11594
654
1459
1443
1327
1484
1190
1417
1848
727
997
977
1265
1412
820
692
1339
1690
1663
1688
500
852
1695
1383
1247
755
1356
1189
1105
1443
9679
18030
3612
4220
1965
8103
725
10958
1217
17110
1712
2935
30891
1316
11467
12495
390
615
575
515
444
363
464
419
410
632
425
583
383
418
337
418
480
601
820
451
554
331
227
1150
233
735
396
3391
3328
2341
1062
89273
2094
7315
927
1890
2384
965
1196
22812
834
1205
1006
77
136204
3039
9817
11559
710
5463
1282
5741
2146
775
3611
1470
925
877
1197
440
2559
1728
3688
3688
10034
1093
3473
1900
2305
10222
4399
1970
1154
1393
511
3870
1970
3991
13992
1126
823
1057
43361
1723
1714
1409
3685
781
637
23795
31953
9100
13535
10953
12625
1968
102976
902
987
437
330
1031
7039
5095
36209
39082
6477
54657
363
472
810
2620
275
3703
1923
3018
3979
3904
8454
4239
1647
28407
6487
1415
26435
1423
1088
1332
1301
1301
1262
1262
694
597
2874
3489
1308
1645
2109
1645
2255
1297
2684
5978
6667
33737
25813
11316
148766
14205
4432
2450
2125
927
1044
1558
3786
1255
822
1434
29813
418
333
413
412
313
378
4150
1537
6569
29517
5113
7270
10944
1071
60604
5815
179439
2083
20688
1225
680
366
7922
13174
4481
21120
10397
855
508
679
17988
65743
2559
1179
4358
21475
5310
3329
124513
740
17217
3308
140
4401
26891
11780
2148
1641
13778
31733
2169
21952
451
682
312
1300
945
388
168
1969
2432
704
786
8932
4615
12128
50283
3003
1769
1704
2167
12022
3681
29590
22426
3206
20538
27780
2488
41916
141634
26983
48893
1148
421
6780
4767
1887
3386
4839
1507
19873
7751
5045
703
8857
4087
17626
800
636
890
814
726
662
5228
1732
1592
1303
1028
1028
74043
3911
2415
920
1530
1592
5124
484
8894
2895
1219
889
1892
8479
954
2342
2121
22268
4105
1632
1852
809
4109
21396
5205
5665
119
122
147
101
2861
6585
30976
4562
1114
219
868
7584
299
1897
733
742
311
53276
5843
1107
909
2842
6782
5432
2781
483
4205
2494
2492
3300
3300
2971
46374
24376
122409
14853
37561
16241
14760
49494
48704
1179
5212
3814
65236
6938
57193
315
397
751
41864
5561
8968
19307
2161
1615
1084
720
471
3271
455
1086
68791
1708
1776
894
1943
1487
1428
1179
1099
1818
25024
21025
16661
546
629
794
21625
18279
813
9111
702
1041
741
566
402
393
429
443
1020
12679
849
810
6617
4793
11304
60967
28563
10723
5893
4635
2344
2344
577
607
2780
630
2780
94802
445
710
809
21309
4205
31866
1176
2582
1168
12811
3300
6330
12296
4405
5424
63007
912
521
610
687
23740
17413
18320
29164
9334
85375
35001
10223
115960
496
791
663
11042
21845
1451
623
694
414
33112
8536
647
717
1328
796
793
928
106126
1956
1956
2671
3722
2671
2671
4641
4641
4641
760
511
927
258
3504
599
18512
1543
576
386
35970
600
1416
9095
47139
5716
61926
849
30533
464
533
538
25588
51792
16031
14298
857
1248
14365
5120
523
26522
13788
10695
5972
98
91
803
1175
3909
7384
27954
3846
3502
52629
2165
640
577
503
694
805
1492
796
408
5507
10053
3621
604
2518
563
707
623
464
2362
1525
677
543
720
88277
1266
252
395
536
352
774
2337
225
3753
21855
2543
387
571
634
871
2927
17429
1980
783
232
1058
1664
1270
17674
678
780
2154
1461
549
6859
48023
1209
6874
2511
1293
7156
94544
49141
3565
5739
26573
26110
462
500
406
337
432
684
1445
981
1571
38273
610
2272
5820
11172
392
120
119
91
97
76
91
96
90
95
68
96
95
92
101
97
113
91
92
112
115
88
174
101
94
96
91
96
91
117
91
144
89
100
92
99
107
98
107
215
94
98
97
89
115
99
90
86
90
68
148
75
118
99
95
87
86
92
106
100
87
100
93
93
103
108
105
92
89
92
76
96
93
97
1019
1474
566
543
652
531
670
415
681
455
425
14747
387
584
538
2001
68
97
127
88
90
69
78
77
61
100
76
92
59
69
99
71
100
68
88
85
100
100
71
70
100
68
99
90
74
90
102
100
93
99
84
98
97
143
78
63
69
88
74
95
57
91
81
99
92
89
80
100
68
70
54
92
77
97
100
58
99
75
92
56
87
100
75
61
89
100
64
95
71
71
100
61
98
91
63
100
83
66
81
97
98
65
91
110
64
73
99
72
84
68
100
82
1104
43363
53310
11866
4853
795
416
663
598
387
27909
822
906
926
1220
22810
41929
560
11825
659
567
672
2214
3911
7946
3591
28165
1164
8321
413
555
541
1252
1834
1859
1297
691
676
613
785
533
375
615
394
1164
657
638
476
2323
1663
26219
482
1073
857
1001
371
731
320
8656
602
340
335
688
1118
319
45024
1387
503
51173
1114
903
888
872
64563
590
609
3020
4464
1145
1481
501
1657
594
473
281
704
602
493
660
104829
554
44162
2666
625
423
1018
312
5806
1512
19966
5559
18539
879
546
394
791
1012
16719
417
533
564
1237
1636
12248
7135
2496
9328
34340
590
681
2762
10572
3980
2436
33750
6308
36409
7849
87915
42783
14703
23864
5339
14534
16333
2559
583
1249
489
532
659
629
14546
735
1561
219
659
823
568
251
775
325
604
648
5250
2715
601
722
1245
738
919
910
1615
639
643
1817
629
659
452
834
702
551
571
431
476
910
1891
1891
1891
1891
1891
1891
717
739
2719
238
609
541
6408
14573
106131
57714
10322
18188
378
459
939
1462
834
593
2210
792
398
536
488
102
1215
1720
791
703
1475
639
632
1389
381
558
310
1241
4190
599
490
2048
1966
1101
3921
566
2585
381
932
318
407
4229
1341
552
4321
659
497
673
580
832
511
483
4324
954
1142
3336
714
8493
556
41132
3651
813
397
380
704
9694
678
665
619
577
531
1228
398
3419
460
1770
392
515
530
1197
352
539
966
456
818
16892
10808
160
18895
655
728
964
725
224
1297
542
1342
746
1587
1450
1526
1526
732
555
853
2079
17179
15466
1022
1014
1622
1040
808
4514
17416
2536
2536
17550
6376
28546
1682
4355
513
459
418
242
838
597
260
2243
549
1709
324
670
548
2746
210
641
314
59393
2161
94
9763
37469
30011
53808
25616
5032
565
10318
2614
1215
1279
3556
11755
2614
569
3395
3039
10882
4364
818
794
3442
4470
2106
18255
4676
8731
2099
2020
825
67769
1245
1440
2963
2338
8184
39610
2347
13724
1672
3451
2251
1110
19757
1099
3040
3489
3489
783
1694
1694
2626
1092
936
839
4931
4547
678
2831
1717
3082
5638
3811
2234
2125
2055
1931
2239
1935
1312
2548
3238
6668
1181
5498
1311
3501
1369
3107
5996
3428
23139
807
3103
8447
4033
588
1958
756
630
1699
2132
1395
1665
1924
4043
5263
20546
1747
4680
82
2035
1165
1164
497
2499
8224
609
1498
1586
2120
1229
1257
422
4167
388
2351
1817
82
1514
1174
5216
920
1062
1752
2653
2183
2509
2043
5806
1948
1312
1302
583
1595
3087
1134
955
1259
849
4594
1866
1395
2532
1300
721
1454
1611
695
1198
11834
7365
5540
7672
1269
5559
5686
6164
1194
4237
526
843
1919
1160
1163
1371
4280
1275
1284
1356
1410
1052
870
1376
878
744
2235
3592
3554
808
34636
1057
22211
1330
1230
910
2927
20947
918
580
581
762
11926
1139
4354
3458
7578
893
7119
966
13033
1200
5746
3329
1326
2143
3775
940
1529
1334
2163
19511
2024
1686
1241
7170
1805
1935
1520
1676
1705
4399
3259
1450
2316
1686
1986
1005
1929
2978
6377
694
3312
2476
1639
1347
1239
2734
6516
5625
2294
1686
1483
4796
2511
579
4221
1759
2353
1196
2406
882
1073
2401
2282
2918
1657
1133
1101
1071
1536
2118
2678
2120
1351
1922
1513
1305
2111
1956
2437
5652
983
4320
1056
1281
1826
1512
6143
654
2644
614
500
4506
7823
1962
1417
18200
2120
11172
140
1530
4364
11840
2088
15351
4015
7219
33613
2786
1803
2249
17305
777
6914
6558
2294
4500
1340
1515
963
647
35365
2507
837
3410
1798
602
21541
3452
2529
2877
16618
1097
2421
1017
1099
2204
1861
1069
907
1042
2181
16891
2186
846
725
1557
23166
4358
2429
734
1581
3835
2121
1719
4216
1498
1025
693
642
1957
1390
1122
6480
11665
13228
3089
1942
3584
863
1988
1979
20846
1207
1233
1589
1498
7033
1178
4446
19676
9615
1911
2365
1671
2024
5236
1818
1810
778
8731
6771
2833
2396
3506
1675
813
5403
1898
1775
450
6952
1455
529
2965
8001
72
72
72
554
4784
1118
2609
71691
1590
663
11721
11949
3881
2566
16446
2624
21634
2613
1685
1979
1580
1394
3771
596
1754
2815
922
1154
3038
3819
1513
14492
1972
5338
7726
12987
5138
1052
4274
3747
12556
2658
1117
748
1388
1243
506
4210
1297
38040
1474
5994
2757
3609
1103
1340
1405
4915
6451
810
106532
761
774
3580
10115
2488
3008
3488
1435
98
100
2071
2251
7155
1328
6306
23415
913
3208
4723
4529
1381
1155
6666
625
72
17810
1031
2007
2258
6062
1559
2017
2665
2035
2448
1721
1602
885
3023
611
242
580
492
615
480
1480
1166
564
2790
36848
15432
8214
17210
1376
2000
51533
33959
2713
2628
26035
16843
3463
3880
1770
137
359
354
223
352
221
352
220
224
224
1477
10791
423
43752
30139
5787
7865
699
1248
1147
5491
1519
27091
1754
2823
1030
208
191
318
1269
1712
13029
55215
26273
1306
628
1108
2036
67702
806
622
6688
686
1206
596
695
481
1317
488
644
446
491
364
202
800
657
625
745
1722
704
1283
923
663
679
1083
1623
3603
4324
52615
2149
10060
10931
84997
21707
1665
2365
1567
4184
1006
680
584
836
667
535
700
1114
796
570
17070
27872
92952
48456
11443
23966
3200
670
1433
534
641
937
281
940
897
792
1332
644
751
437
721
7596
2943
3201
3878
1167
688
2813
2117
2332
1959
668
807
1097
503
3086
926
1640
7834
3286
147
151
147
226
166
161
136
88
166
101
153
156
311
125
151
147
137
149
221
159
141
140
150
161
171
136
161
178
142
139
186
201
38247
2960
352
467
624
476
677
727
689
997
1031
629
997
3019
498
383
882
566
1549
18611
31257
93
127
108
134
103
111
112
115
158
119
107
68
111
59
103
105
77
169
124
151
101
102
150
87
147
122
91
109
99
109
101
129
84
55
109
133
58
126
117
105
107
122
71
132
123
106
117
94
92
60
118
116
155
103
118
95
110
60
60
66
59
100
1619
1438
805
2286
405
1655
1244
719
4686
814
19669
4107
5452
290
175
4286
7037
3494
5261
2305
6033
2612
1039
2860
1740
895
1375
581
1827
513
5165
1844
1522
1591
251
743
704
356
339
742
2738
1235
68
69
137
76
61
778
617
2120
500
897
1283
598
609
631
614
499
795
10400
1097
1354
2503
3899
593
1892
5101
1481
33207
105012
336
1949
544
2645
5615
1023
907
731
905
2258
1647
5533
1069
3695
3595
2645
903
317
570
354
4451
1701
1087
416
1361
308
452
276
16260
5801
3867
15014
428
699
396036
17669
891
2556
1236
2528
2069
675
504
770
93
389
370
529
660
587
12270
159
615
1023
1239
69
526
5287
1335
6677
763
701
561
719
566
452
812
162060
286
589
2385
54287
63688
3470
41553
1134
13627
1007
450
26283
59111
1131
458
10452
1989
70789
2548
866
26362
322
3032
8482
2911
766
17693
14491
99061
47597
14143
9844
1862
36545
281494
18062
10168
35823
3250
2449
94571
1112
509
8396
1299
4240
33074
52624
98295
774
78070
411
1992
1124
428
2064
531
506
780
794
536
23504
649
31915
45235
789
2431
295
438
3464
3464
3464
836
1683
1683
22038
17364
29308
795
428
25170
1603
7036
871
2032
415
300
502
400
755
47861
632
789
870
908
649
546
685
948
524
1776
871
2504
1293
1713
73531
502
642
291
624
857
414
1137
761
698
770
807
490
457
1817
1450
617
537
611
2082
510
637
350
537
692
387
941
76084
1918
88399
1597
1218
784
806
410
2006
1281
633
822
717
1188
655
699
5215
476
252
1037
505
4120
853
2113
935
565
50403
48599
835
589
1706
1903
2167
119759
1821
18409
2886
789
2150
603
570
2529
602
610
538
722
754
601
523
414
527
336
839
451
449
276
1042
2393
694
7654
20499
65426
37131
6389
64997
18089
42420
1552
456
1405
17670
36904
683
1039
1001
8789
500
394
1258
530
402
4002
834
1425
886
783
321
288
545
409
51819
375
521
521
466
757
492
1306
568
548
945
543
2438
6953
7501
9990
66017
372
459
363
1763
1187
864
1408
1005
610
1535
383
79715
20544
2589
1098
1153
1069
426
737
35272
56276
18416
201
6628
830
1977
5176
72344
2940
439
13330
1756
1816
11644
1084
22201
255
475
315
3175
706
436
935
1987
969
1277
423
27856
634
952
1712
21349
5589
1008
701
1000
300
506
601
906
953
471
539
1390
443
353
252
1067
544
1273
1273
5096
5096
1273
1765
1502
1824
1423
944
3345
45378
1022
947
12471
948
601
6495
1220
1009
454
500
1652
4439
603
114417
1701
3359
363
559
455
5379
3018
1497
774
939
721
3910
851
4143
262
1440
314
702
1001
2548
352
368
2919
1118
980
1899
1155
382
786
5003
1530
6748
92116
3184
1631
1058
502
787
1328
3468
462
325
2656
858
3375
1082
996
4277
1100
5154
678
351
403
739
819
511
811
693
465
1156
471
404
1612
528
23036
81176
1259
538
351
440
424
534
1094
281
910
2268
702
22789
50452
451
11956
326
801
1230
436
865
287
2139
2227
828
571
340
852
676
2541
428
428
3742
282
267
27065
8725
447
1602
1595
350
30952
451
569
10136
37798
4475
2897
1001
7485
875
539
764
1377
493
245
434
434
334
813
677
1140
450
492
860
631
1431
422
5640
116136
7181
13643
3534
1810
413
634
504
17326
672
2423
42566
601
1736
9116
599
1229
550
4604
484
6940
700
801
701
954
450
745
799
12610
6953
1978
330
3138
521
790
476
727
558
911
1099
729
3748
588
1453
35025
851
37246
919
757
417
273
1345
300
1199
499
500
801
1085
5558
1167
15457
1261
2757
308
3022
1207
1748
32386
1303
532
501
300
1546
452
662
541
904
801
400
552
1190
461
715
440
565
384
1853
657
1793
701
731
291
289
557
594
1441
879
1851
494
545
2514
12487
4531
1490
1890
3946
6076
546
2025
4649
10339
8808
1402
46561
487
544
738
549
1076
476
554
651
897
967
904
691
393
1070
768
494
3338
846
3738
647
467
1671
1991
854
939
1819
670
5892
14091
2306
30733
7114
3591
372
901
801
1501
422
332
500
747
651
800
1192
515
1101
232
3496
919
927
2073
2074
971
1801
401
403
1162
527
353
299
2703
313
299
497
244
1338
21601
458
722
1222
801
300
490
1081
1324
334
553
601
3604
301
319
3467
530
873
35019
614
644
540
605
8182
790
81380
705
529
1305
409
366
521
863
603
503
853
629
613
1001
21396
1002
2241
647
473
1938
3001
875
3575
1504
6203
334
471
1157
239347
482
2788
632
562
324
560
162828
2633
1591
1236
2074
508
5728
801
2834
801
3016
58416
648
1374
600
2301
547
1101
652
480
421
497
1073
616
500
175
300
3342
731
1024
2461
623
496
762
1626
3594
697
393
902
3533
8974
1397
228
1933
435
633
603
452
230
518
796
593
873
1895
281
831
751
601
637
500
83405
707
90456
57382
2578
891
42095
583
393
594
906
744
475
851
11411
2546
5519
5519
1093
16176
1200
500
1301
1169
2037
601
809
1105
501
601
751
452
301
1051
851
618
474
401
501
901
301
751
901
1505
201
308
501
501
801
1601
283
1017
2359
688
601
601
408
350
614
402
483
403
570
374
576
378
770
771
653
638
531
746
701
592
351
1396
766
606
646
4203
312
680
2067
581
1401
2203
701
4982
794
211
755
757
539
729
442
394
948
390
1724
495
368
1326
699
392
378
488
1215
489
436
986
608
686
587
1062
25544
487
2030
1217
1188
782
982
784
444
328
369
771
543
212
1104
557
633
963
390
422
1193
452
576
662
411
686
701
1019
687
559
494
1177
388
864
278
560
1174
401
501
1201
1701
12653
9023
11508
605
515
484
786
336
432
598
1207
671
316
848
370
329
1147
372
238
1270
965
765
1405
350
1149
1414
447
486
582
974
647
3139
7385
237
249
1036
285
538
1332
423
505
2960
293
580
469
353
459
663
2705
326
532
851
810
351
401
351
501
551
201
601
701
1736
501
204
219
352
451
801
801
401
701
1400
501
701
301
301
501
201
357
1103
601
451
1293
688
2749
383
501
501
470
3758
344
439
1451
401
1201
497
446
402
350
382
402
760
489
371
1670
1201
1042
1024
465
480
1919
641
1221
997
673
493
390
5000
2999
720
411
382
400
810
454
361
514
451
351
843
1186
1147
241
413
1161
401
1482
1138
774
498
271
348
694
419
2873
1121
319
603
495
323
675
10718
1001
601
410
403
990
734
226
713
2211
291
322
401
367
3188
624
931
455
387
514
1221
1051
1082
17475
233
766
651
701
656
717
1393
10958
904
61651
501
1901
501
3729
1272
301
501
301
801
1401
334
743
13873
54440
745
860
383
433
619
237
34700
365
16428
981
583
1650
983
41625
201
1201
801
701
695
20563
721
2824
366
335
689
1253
406
529
1206
945
432
487
559
424
496
374
3494
487
649
382
201
402
2587
317
537
5251
18213
421
1201
437
398
449
426
4858
5689
749
1242
892
331
1037
354
443
412
499
1001
98
8588
45101
601
918
1583
1353
585
107223
627
169106
9324
88228
14426
391
6343
472
1524
2099
954
915
53848
42627
29681
414
1046
9451
711
699
931
730
1411
988
566
914
578
625
448
720
601
299
574
714
413
907
576
324
372
552
433
735
840
985
734
928
497
2323
2323
2521
4077
4077
4077
4077
4077
5324
1427
35068
2669
340
888
1423
2148
778
1360
551
94235
1545
478
1586
1244
653
698
1226
823
671
357
1099
1668
526
327
42551
401
1320
832
367
1665
1202
687
14666
1346
1167
697
501
2517
811
1275
606
616
1115
1027
2906
1225
7601
951
1801
723
601
1377
2610
1892
1051
961
3352
553
1946
1475
1176
1962
1181
401
1506
1201
1394
639
3851
3281
2592
700
3071
1501
771
1837
1138
2912
982
580
1622
525
813
4374
2377
499
684
1195
429
379
720
465
744
418
793
1432
4794
272
20201
1427
628
587
1674
329
751
2798
4740
527
2357
478
1976
515
667
3293
1697
4462
80780
140359
1494
149629
296
350
97664
1145
3724
340
367
1602
310
1781
322
412
267
584
369
3783
1608
650
4000
23278
400
641
318
1443
779
3700
762
911
1501
1120
316
664
427
317
359
1215
1264
404
572
972
1122
721
771
3071
249
5430
411
1916
5396
22779
63488
718
1042
7145
507
779
4683
44020
771
1571
744
2019
92189
501
605
3320
911
7217
7217
1100
3235
3426
3426
4849
1241
935
5087
9374
4036
2972
13896
4178
15090
310
280
778
23492
6711
4495
2476
5427
7081
2650
12754
746
3913
3913
1474
24277
16198
45619
1065
416
433
662
2137
1791
4035
1429
40089
605
1580
7636
4674
786
2308
5561
72
72
2252
23259
17111
13463
4628
1094
83
560
371
494
744
991
438
459
347
501
654
608
762
3928
373
451
601
552
1646
1401
801
9300
1265
3725
750
1629
753
401
950
15649
941
6329
2175
1809
2246
405
1288
3104
1265
1286
747
752
592
1757
668
718
761
731
2001
675
599
575
683
1034
542
727
1139
482
4060
2527
3431
3066
2470
4066
2708
2927
335
1345
1168
405
621
1242
1098
478
609
1043
929
322
495
347
8630
1075
626
682
682
3471
121572
500
1201
2468
2133
1365
701
1201
950
2145
1470
1598
1675
670
1202
19315
8063
1846
1002
651
783
632
420
651
672
211
456
701
1955
1313
640
583
952
1705
856
261
391
1264
3195
1023
635
1467
491
497
999
850
6576
14499
1002
2700
71397
6754
11831
1272
787
263
5443
582
761
815
346
624
593
1297
387
872
425
1348
458
602
775
642
343
349
511
567
509
296
562
249
597
468
4902
319
985
113290
732
402
1672
7420
862
481
1023
1311
3542
508
401
552
1105
466
1050
633
2095
5936
346
1042
6301
293
1335
287
218
590
786
334
353
255
366
388
498
235
865
439
342
416
307
1120
576
223
549
408
510
620
3978
1801
3734
1011
378
1161
506
1321
901
1200
3531
696
351
700
641
1161
688
771
745
640
821
2918
534
885
296
2635
1174
642
309
370
244
207
328
292
904
537
2677
645
13474
598
422
1680
1031
451
584
432
267
225
259
339
975
802
3150
1338
9615
390
656
846
1229
200
324
321
1696
694
317
413
385
5144
2972
14932
1538
1468
1250
721
317
590
480
671
1024
599
393
306
8791
471
435
581
523
509
357
388
670
370
414
834
346
412
413
419
450
282
676
455
410
1162
1182
315
654
928
839
296
281
501
469
619
615
490
318
763
435
609
534
470
516
802
773
530
683
412
913
799
500
718
302
201
221
408
333
266
348
796
258
291517
21169
305
543
707
695
654
462
267
371
259
877
515
274
306
210
545
303
270
899
735
788
1210
1157
595
323
915
707
1225
448
415
246
144412
331
2376
512
3122
1609
731
3736
1656
800
800
795
763
754
763
791
795
795
629
629
629
629
742
827
552
752
279
1361
688
781
474
497
296
368
438
823
861
651
200
225
774
508
747
2492
1251
1486
926
900
1321
256
363
1219
515
333
2897
368
4733
785
1510
280
1419
347
202
425
399
527
386
941
291
440
624
379
735
1441
6900
3582
2023
876
698
761
10988
4131
545
876
612
935
751
549
751
490
1740
733
401
561
3451
1601
3401
476
365
1894
703
597
505
871
440
365
904
657
5851
761
496
558
516
778
346
295
1966
507
468
437
385
559
662
3137
875
344
521
5913
922
797
289
848
532
314
783
961
1399
518
488
542
488
658
296
1625
3673
974
380
359
450
879
208
205
1677
467
673
395
300
211
601
226
409
237
744
382
680
300
460
231
704
1284
301
331
521
757
1101
636
461
641
301
400
357
858
1010
860
370
458
323
492
277
553
291
17510
2210
328
263
344
681
428
435
411
458
482
1007
810
903
1766
4516
316
768
890
310
591
223
45932
48013
279
463
405
2171
418
232
232
665
529
397
3169
303
715
290
673
2400
1547
582
391
517
594
637
822
1291
1061
687
519
348
201
417
807
478
769
660
229
428
601
305
408
302
443
310
1269
280
272
790
564
520
437
400
342
239
258
594
408
292
263
231
287
1098
604
579
571
799
447
291
554
326
739
446
3112
340
1746
120684
37013
1184
1600
9067
8869
4651
4161
1050
1339
5288
4758
723
2191
5211
10301
1717
1085
1020
5156
1007
875
875
724
856
844
713
723
704
716
974
716
761
379081
434041
709421
1965857
226785
115237
6551
446
568
870
826
727
755
1322
1431
1179
436
1540
214356
732
743
1070
1448
885
842
967
1516
524
703
344
1169
621
453
706
1072
414
669
1103
882
871
1219
935
530
1143
488
839
926
1384
523
399
406
1960
4124
132765
8866
45929
930
766
724
724
720
3248
30
2715
1995
123
30
1995
123
30
3970
6863
4191
8118
821
123
30
2800
123
255
123
704
5725
123
30
2689
357
1934
2004
123
30
328
518
408
593
416
970
2245
467
958
873
1294
848
1037
626
984
621
761
667
542
362
1047
513
381
492
574
988
642
1151
2053
419
695
2413
641
349
932
354
885
625
311
490
943
253
481
712
3708
2738
3391
7418
2441
228
428
3898
986
2909
5739
2009
521
558
1364
794
350
1367
414
1171
395
16933
610
1076
740
1072
428
540
515
289
29227
584
729
497
388
495
389
526
526
925
2215
644
1520
1715
625
341
672
1549
687
461
690
1634
533
59380
854
800
1411
441
622
1344
295
1141
1177
459
3289
749
541
577
401
820
825
492
909
978
361
585
261
5324
5324
2658
2658
2658
627
549
646
1604
3156
410
4046
2000
492
349
594
21055
13923
4486
43950
824
757
776
496
796
592
507
329
593
1088
809
553
422
707
796
671
979
612
11742
2147
590
1259
7622
486
1426
693
1011
10719
518
1887
1133
158841
1991
1048
359
500
407
585
547
882
636
1086
472
641
409
345
490
606
618
437
303
726
695
3196
2127
615
17608
512
510
2473
537
1003
1205
502
1641
734
925
295
1428
401
741
899
319
571
789
459
617
2574
562
1918
369
709
681
537
5069
300
838
1084
967
535
525
1373
929
301
455
633
882
663
659
741
389
897
1361
1479
875
728
655
536
794
884
327
813
608
299
995
4472
19304
11881
9247
12083
18369
16238
901
368
320
960
383
749
3438
408
263
675
683
700
2132
3029
1102
409
1478
1144
926
407
747
1451
1043
848
5124
1284
16126
301
737
6547
419
2295
14286
818
274
698
295
274
274
591
420
719
524
775
257
253
162
766
721
266
601
410
266
678
410
453
690
266
453
690
266
277
718
760
165
775
527
719
758
414
766
1030
454
582
309
402
309
361
74951
26489
2149
771
734
1176
650
778
509
643
703
1891
227
1049
492
4758
517
588
498
738
434
3291
732
1161
599
1315
1724
565
586
245
555
359
983
342
975
560
783
1290
1711
799
441
1044
733
717
499
654
342
367
375
124993
964
1205
2257
1648
564
1457
11218
1114
2597
21324
714
1163
1859
543
1159
951
680
1139
367
1815
1364
2849
620
449
1910
9017
4034
4377
1856
2556
13416
682
376
1588
1595
1864
10223
1712
288
3534
7013
2336
11580
1311
847
847
843
4615
4561
4522
898
2754
4377
1388
10478
12656
2387
89738
387
1348
1486
8234
3406
11355
13383
17594
13990
3046
1970
2593
1983
1671
49074
2635
6739
6199
6292
3281
4305
61398
1628
14279
3594
1369
891
60
76
74
61
69
62
57
61
59
63
59
52
77
61
61
1022
765
1761
50
92
62
1884
56498
1335
69764
3464
1236
2355
1380
25671
1296
5739
7809
6358
1090
79949
758
464
778
629
9107
6126
14320
8840
28342
38654
5954
11770
26748
4809
7166
5168
16012
4651
3622
4687
13180
85479
22504
1624
4282
5918
4628
1897
74971
2713
5821
29983
7464
5813
4329
4697
780
5071
10161
64721
38894
6300
1083
18050
1774
4582
4635
11138
1683
4527
1738
16810
72
72
72
72
72
72
72
3027
72
72
2002
1703
5134
751
10621
14046
5738
5693
14110
1211
3537
2273
2944
2121
840
1015
1659
2569
1805
692
851
4343
1187
7687
7413
1823
1636
2411
7150
24147
5000
1984
1242
517
744
2558
1489
1457
1796
40833
1258
7015
5484
3050
1387
909
1916
1306
3382
12316
2529
7655
849
5698
402
3339
12587
3607
2254
4775
15513
2538
2321
1208
1463
1469
1534
4134
1294
7405
6123
2587
811
5106
1949
8796
3122
916
1907
1883
4062
1546
72
1805
2698
3663
2648
1010
3355
4742
5471
16790
6491
2360
3125
4677
1804
1747
1077
5608
6112
4137
4095
1467
697
1247
733
1079
72
1489
2130
678
2761
1407
1407
1073
861
4097
2889
2277
3826
4680
1793
1631
3062
1338
1130
1419
1559
10663
3810
6177
1218
946
1206
10270
1825
2158
1863
2001
479
48922
1690
1241
28610
3738
31694
49048
1175
4235
2190
948
1394
6340
1207
3756
2255
2530
984
10145
5274
1816
1443
2393
764
19274
2700
2393
1107
1309
1445
1631
8526
1448
3860
123
72
72
72
73
72
1477
2029
1673
3900
2482
1539
582
544
646
4091
12259
1770
1310
11767
10307
5220
10658
7542
10302
333
360
323
364
2935
2362
3119
31274
2368
1236
1816
3720
387
210
1860
6847
1205
3777
2774
2050
7929
825
850
774
925
1185
587
1870
5764
932
2465
2954
15424
13275
73
15974
73
94771
3053
1301
1367
600
1708
559
3287
32320
23783
757
2381
2696
4173
23648
3077
15487
2260
599
1544
2470
25645
2080
1713
1605
516
803
1051
2628
91634
1509
13065
2154
2260
913
5126
1138
3553
5972
2323
604
3603
3778
19085
5290
1036
2431
3500
1278
2214
760
14060
3624
3015
1312
2571
951
1039
1314
1174
3162
7964
12142
1031
952
661
1341
3515
848
2019
9044
3412
5799
2638
8100
14668
1923
7566
748
2960
5126
2355
694
18740
1682
13706
4960
6645
1591
1500
1012
690
2028
1205
1562
6101
11407
1767
2734
354
1943
21448
1645
895
5805
1526
850
883
1125
987
933
766
12739
965
41612
1155
13715
2030
103471
458
826
3186
34481
1607
1970
9831
661
3024
2318
4500
1354
2198
1346
682
641
1142
1188
1463
690
2928
767
142276
6441
666
791
1097
3571
8592
1422
1847
1660
2314
4785
1828
1144
2075
1386
3103
878
871
4556
13197
7300
2414
2424
14341
2385
6066
7954
1889
2456
3827
1685
1831
1215
690
3270
10250
546
559
650
8687
746
799
477
4932
2844
1694
7169
3496
5898
1015
779
868
1029
3085
3865
1362
502
7757
2211
12332
839
1721
7366
3474
4442
6176
1543
1317
61911
1137
1098
934
2422
1924
1368
4979
6451
3202
5157
55324
15771
991
1246
5363
952
2219
503
1060
7527
3605
5028
3956
3956
1408
3139
3610
12372
15236
4873
1896
9733
1999
2028
957
835
2014
2729
4999
2501
11000
2651
887
2611
4427
4659
571
873
5376
9426
1863
1481
4243
2240
1622
3438
484
5422
9016
1117
5446
3377
2080
1679
2652
485
1009
6158
1316
2187
897
557
811
1298
1712
6196
737
1331
965
955
2479
2692
19378
1112
13864
3664
4901
1691
3070
14025
2203
3317
1355
3862
2160
4154
1234
21838
4209
2988
5574
7586
2572
838
2118
1637
2274
2164
2347
1167
2035
13115
2970
3582
1271
1571
2169
3257
548
752
1434
5614
5822
14264
2335
3251
519
519
2084
44082
1104
642
1458
2241
2064
1464
5919
813
11230
2482
925
1549
7027
3468
2035
6383
2829
2171
1484
2692
2282
9555
684
1770
4326
4575
7783
1275
1803
1265
3242
3706
1025
4712
2069
7943
1395
1689
3849
1098
2219
39824
1560
6534
989
1665
4868
1236
2209
1420
1187
3085
15126
4277
9337
1250
774
2324
9830
8114
9075
3244
33906
2602
3228
5133
3394
2392
1339
3461
680
73
82
82
73
73
73
73
82
82
1954
428
82
73
82
82
82
915
1534
2288
1247
1240
6745
140126
1021
1066
7679
1021
961
799
1106
1575
940
1851
992
1210
1888
1091
8257
63339
17848
847
3616
606
54513
17625
7720
1194
2085
1003
1191
2505
669
671
7094
53293
978
19863
1743
4242
2045
2032
973
3375
3706
10940
8193
2034
2265
2337
2141
755
728
38596
24081
1082
4139
2661
7051
4853
5071
1961
1769
1745
2371
1370
1055
1132
830
23289
1498
3241
585
2907
2081
4091
413
696
5632
4239
24302
1377
1653
2091
1633
770
735
2262
2541
1682
1663
4734
2320
1088
3911
3145
30152
1945
2460
1770
1574
6898
3705
19308
1486
1511
1188
2324
2572
1450
1416
6559
3322
2242
4736
1536
1393
23313
1323
3331
3383
1550
6061
1517
5425
959
14601
10144
2604
3373
1353
5957
6683
2855
2543
1354
2992
3445
1400
2377
7505
2728
2255
2308
1575
3313
976
9060
4889
1462
1347
775
192
2865
1318
7291
701
4711
6638
3508
4042
2483
2761
6168
2344
2320
2323
1801
2698
3322
1756
3866
9174
1296
110
30911
8697
3425
8153
9143
2540
3935
13403
2617
5308
5341
2619
2955
1356
9342
1900
1198
3070
5766
1540
1034
691
1519
1160
2362
5624
1071
2105
2448
14796
1444
2032
1912
828
25030
973
1015
1857
31738
8840
1416
3809
1862
1894
31246
24607
904
1099
1527
1019
681
7936
3558
1796
12945
2402
1910
6635
12709
40723
814
1448
628
2062
1121
1210
770
1711
630
1873
5197
3362
4677
1282
7253
9181
12448
508
1786
2630
22980
9595
5801
5145
3554
2425
21675
8879
16226
739
1809
1131
4534
19454
2842
7272
1421
2723
3745
10140
23002
10878
1188
3275
3172
817
2233
1362
6801
531
2253
2681
4058
13416
2354
1329
4675
7376
1637
1774
1521
1228
9057
856
12702
4650
2658
1595
4269
1513
1741
2453
3757
10042
1710
1231
2422
26796
1315
680
3647
1398
3261
1497
744
393
4863
19647
3694
2334
33234
7070
3938
967
2631
742
1132
5018
911
72
1308
3450
2668
1774
1940
680
4505
1682
3895
2374
1049
12007
10867
10980
1405
1372
2039
6639
4005
4920
976
822
2171
2435
3790
6118
406
1850
5309
1533
10220
1870
1681
4348
2136
11434
4659
2580
1885
2178
3442
2069
2230
9545
10882
873
902
1852
3858
2159
816
2483
1685
1146
15289
1594
3407
11461
6596
16931
3174
1895
3191
2241
9130
2093
5782
3389
6085
5922
1230
3722
2107
788
634
682
993
4660
917
13846
22898
3383
3441
2940
6215
630
2616
897
1980
1192
7103
2306
5102
3851
2848
1274
1158
7458
3580
4530
5964
1646
1679
1624
2427
2049
2823
1632
10080
6334
15632
711
3383
573
1110
6253
857
5256
2242
11277
3578
4887
2418
1854
8511
656
629
7166
5782
713
5702
3112
6628
2333
1936
3799
1464
9830
1258
2067
1384
1587
4046
2683
2987
10102
1407
833
1974
5013
1170
26275
1947
8731
1921
1831
936
1738
1618
1196
1398
1237
1293
3084
583
3051
5744
30497
1202
1752
3167
1744
8331
15633
10645
2205
3110
1018
2233
4188
38674
2507
1980
4383
5682
1803
2099
3149
2973
1670
921
1443
1100
1113
1315
5221
20291
3441
2169
2937
389
1343
2317
6328
5547
2184
2348
2859
2295
2488
2161
1035
1505
3808
2356
1409
13599
2572
5610
11378
4343
1693
7983
1453
911
17718
5748
1772
3073
4818
4129
4267
2454
389
1346
38987
11403
681
871
2441
1953
3398
1772
4778
674
2987
2091
1066
94399
1216
33595
1241
1311
1328
20272
3417
1270
41709
2268
2734
8258
2419
23620
1679
41219
2077
1462
1212
768
1797
1183
1208
1868
1207
1449
828
5499
896
1534
1359
3603
1679
1096
5891
2923
1874
960
5174
12234
2509
17636
18411
50703
1757
1380
2011
2061
1167
800
1940
5172
470
1407
1878
2051
2243
2105
72
3825
1469
242
241
1207
1561
1382
901
921
3034
8045
6192
6017
4885
2144
1699
2519
2138
17897
7626
3750
1727
17733
1754
16435
2686
2727
4558
3700
1541
1422
113744
3083
8924
4043
698
728
4171
2777
2005
2778
430
349
2352
4889
2696
1450
2226
4542
24576
421
10443
1155
9148
4553
1029
58825
2001
1442
3208
12428
9223
1756
1688
5527
9417
4719
6934
1503
2389
4529
2058
6839
1311
571
1653
6235
2130
806
18061
824
4391
1364
1046
6102
1132
1960
4686
4255
1532
845
25484
1077
5321
2703
11778
2647
1038
72
2091
1437
901
843
1561
3516
2064
743
13903
3735
2790
1198
1669
5943
2921
638
2269
619
2509
17849
623
7156
3521
995
987
5279
5094
465
238
2301
1456
12450
515
748
5819
11394
2320
2237
14539
2292
6965
774
4962
1217
1826
9991
424
19417
20159
1700
3206
2323
691
1492
35272
1892
5378
32017
2255
1538
1019
1210
3808
950
606
2379
667
599
694
1433
728
857
470
6239
1298
709
73
1148
809
1130
1120
4490
2295
2665
76964
2810
1136
1150
9887
1062
13265
1954
1886
4186
2597
7629
1447
1065
3205
1675
573
635
646
9273
1743
30068
1272
5698
2255
3203
8440
4051
1367
73
2040
694
508
809
420
520
637
700
746
575
837
1239
843
717
1113
799
814
2360
686
1340
2796
958
4253
26900
4536
1393
2514
2196
1726
2766
562
493
1643
5117
1484
1370
1767
1699
1061
1566
1481
1789
1228
1407
12068
12788
28993
6290
1790
1594
1482
620
1603
2832
2151
1034
17820
2133
2105
2574
1710
20266
4230
606
560
522
645
562
1751
2727
6920
2257
1813
467
506
736
1539
776
536
2198
1680
2745
2340
2427
2169
524
3065
1295
2586
7214
1985
7624
436
1007
1914
1871
963
532
1193
2813
1652
6568
5695
1369
518
789
2545
2817
11293
730
2025
7259
2039
654
743
2753
4330
997
5103
5427
3439
5444
3897
1541
677
568
560
544
660
1126
940
12825
1686
627
602
7748
5379
39009
72
1075
616
694
584
5676
2875
11155
77089
981
841
9917
6789
1581
1325
929
4366
555
3610
72
2107
651
2791
16319
626
10039
1931
7010
1957
783
972
771
1141
1638
94297
540
3011
18920
4638
3465
1661
13948
4063
5270
23398
7865
3701
565
749
865
18022
3460
1976
6668
1264
4232
2807
652
2501
1352
15496
355
2045
3119
18439
6879
641
2044
14770
15696
3023
3333
2748
9236
1031
1097
798
72
72
72
125
50951
72
288
565
5776
848
608
2424
1235
1137
73
1511
6652
1154
1457
6391
73
783
1101
849
5761
1332
4898
1708
1962
988
1839
4206
2101
1177
2284
1065
1166
854
1422
1411
4156
2479
2461
1943
3807
1389
903
873
2974
719
3357
2287
1146
3374
1962
1620
787
1491
15347
12168
20347
16611
6624
3437
1427
3284
13557
3053
1376
3005
3783
1204
4024
5864
18227
992
2348
4766
5142
3441
6670
561
787
2701
1135
924
1890
3289
2957
1639
2886
6818
2467
1428
5387
4009
10618
713
10159
2555
12548
2397
5519
22799
12429
600
1955
1533
1167
1689
4513
10472
1057
5747
2877
1888
1796
1240
2276
3822
5168
5596
1894
1900
3761
2993
11278
6684
2652
1089
2936
1908
3877
3413
1905
3262
1361
1815
2068
2163
1087
8227
1574
1574
2387
2698
906
5600
1265
4897
1831
56635
4518
4865
1327
5637
7260
1058
1017
1213
2148
1723
849
421
6860
1526
5581
1938
72
1914
3072
15364
442
682
595
267
387
1182
5200
2317
285
8173
1275
2713
11511
1744
1768
6176
1187
7185
1470
1170
32594
3057
880
9058
2138
3085
1769
29828
2241
3128
1598
9524
312
360
3649
1664
783
388
490
267
428
2595
3379
968
808
3312
3866
1651
984
1238
1419
1136
2295
1395
782
2900
2078
7984
3247
4162
7851
711
803
521
829
1312
1772
1866
5625
645
4035
3968
498
2428
1195
568
494
27936
1650
3006
1208
440
1251
6615
1460
575
453
1024
741
2875
14442
1097
822
2216
484
1788
28018
4348
2891
1533
397
1121
1088
1683
1060
25996
1575
1161
18608
1104
684
2211
1688
2723
925
20728
3556
805
1957
820
3788
2074
112601
2060
4021
1722
2295
1158
1316
1421
3203
1387
1661
11562
38655
1215
1971
2177
2654
22923
631
743
21668
6036
4558
4329
2524
164710
904
1715
3769
1556
1556
4273
4133
2507
16193
1591
2439
549
865
823
9755
2320
1354
1026
3085
3120
910
870
901
1860
1080
2146
5999
3393
1137
3284
1226
2570
1359
3406
3079
13122
47270
1878
836
1755
1739
2766
10774
3377
1114
4005
1881
1425
998
891
864
884
1632
1378
2798
1529
1662
9179
3922
3053
9493
2714
1184
1343
1473
1431
1328
3479
1028
1027
13163
1634
4654
2843
12401
1733
1010
987
1044
4411
1499
5789
2212
74
19567
1531
794
2065
1343
2356
1418
2426
4383
2054
3668
1286
1363
17489
1804
618
36312
1473
36777
5537
17247
1215
7673
1160
2486
1463
3496
3146
3867
4785
823
740
656
1179
807
764
871
2382
2715
10387
1403
625
1803
402
588
12453
993
1277
1676
1907
1924
1226
4091
2092
18767
838
6296
1901
1092
7293
22748
3005
5972
1411
9260
3037
29409
80
84
12418
2240
2204
2561
1863
1739
1438
1672
1125
2073
1048
2295
6336
6349
3110
830
4503
1962
3110
912
3039
5401
1789
3914
4207
2447
4262
5304
1285
554
1733
919
813
1489
2278
1518
5010
1797
1645
1696
1339
5042
7343
8788
752
1167
1340
2141
1595
3311
1840
2295
5339
5204
9946
6070
2492
549
920
4152
83
83
83
83
83
83
4381
25773
1130
1301
410
886
3378
1444
75102
73
846
717
2543
19471
1457
15846
55912
32721
1084
1952
1621
6331
11233
6890
3795
108576
721
2123
3209
760
9792
4388
6575
2887
851
636
2391
4258
876
900
777
678
1621
2623
1454
1512
996
1144
2637
4340
5310
3806
3869
4024
5272
1854
1628
1602
1307
2460
3300
956
801
1180
985
659
2429
1850
2267
7425
4677
2989
3136
725
1426
3300
2570
2313
46705
13203
999
3860
854
1149
1323
1899
6458
1450
1241
2009
2901
3150
638
2214
771
1601
8559
776
352
2321
1075
606
989
18533
994
7295
889
1014
2638
1163
6414
4141
1117
2878
6618
2481
8327
6170
14195
1179
1418
2530
54425
1701
43203
5056
9789
11028
1667
9429
4068
2258
707
575
416
263
413
500
776
1556
4694
2305
6906
3304
1488
23067
3590
1338
10733
5247
5746
557
14192
1056
3294
2745
3153
8965
786
696
800
511
752
2018
2156
1787
1758
1409
10160
1513
29110
960
1078
934
895
1867
1721
1401
723
5770
9306
1531
26297
536
577
578
604
868
1544
1126
1756
1539
951
1413
1576
8463
2512
3412
2489
1166
1622
1745
1330
1535
6722
1881
2401
21112
2704
8914
1239
1256
959
2139
3504
2116
1010
1778
3740
2548
1139
2884
1136
2532
2489
10430
1991
12749
1792
82
73
2588
3874
16921
1436
4036
668
3342
2529
73
12305
567
583
1800
2304
855
2365
3755
2100
2149
1982
1207
744
545
425
958
73
7158
1612
4105
5348
1501
3403
11158
2557
1785
1692
643
434
590
2429
91
3341
11064
4219
9937
14358
75862
1173
75
561
5999
1983
3959
28429
3286
1269
843
363
1675
6527
5264
4053
1092
3299
2237
2499
893
901
2588
3496
363
1409
1071
1001
1506
1237
955
17853
778
1080
1367
2334
3536
11650
17735
2342
409
4285
9021
40740
612
2916
1044
548
1241
1418
711
759
28358
1949
3582
1727
14344
1301
20950
49077
7507
2041
2309
3591
4556
1446
2033
2883
7172
3119
1734
2000
23929
2372
981
2665
4455
1480
2633
5324
59453
2046
1738
1410
7277
11864
1060
18792
4452
6292
2190
705
666
2034
582
2018
1465
2849
500
9023
1791
1044
1671
1285
3744
1966
1811
72
37291
1107
3138
2014
84373
1285
2452
1925
1162
863
3629
2448
23393
8732
1446
24152
12422
676
606
15560
7127
1425
2346
4840
687
566
88786
2493
30215
1188
2610
1598
2424
1290
1178
2183
2736
2393
2879
1890
9177
2477
595
3451
974
1225
4519
513
1383
642
631
441
380
722
484
465
595
2533
2757
2931
1536
2379
1045
10317
2663
3895
1631
775
5818
82
533
2370
2461
2897
2401
1890
1949
1977
973
1589
640
1376
906
2145
3079
8205
4735
636
82
13588
896
1137
2515
1366
960
998
2279
658
1597
68478
1379
1960
5857
16784
2999
3214
1364
1762
1564
1915
1043
12197
131
1327
76442
1911
3139
2917
1833
1868
3166
878
2004
2736
1346
5147
1142
5863
6790
1287
1134
1925
2947
1493
1132
1290
881
1414
1709
1204
2364
41698
14157
1847
5531
3966
1049
723
770
7116
1993
1961
1425
27653
893
1480
560
2250
1560
1108
4055
1144
4150
972
1718
1617
8152
2348
1681
808
800
764
786
925
985
4666
1546
19003
3818
31452
5892
936
1362
4699
1032
2173
1373
6132
48596
515
914
949
875
832
845
1180
1081
1176
59668
73
924
2298
651
659
72
72
20930
71
6659
2561
3379
1368
4147
3636
1038
73
3336
4797
744
1340
1474
2998
2578
2446
2473
22271
1979
7838
1929
72
72
72
431
780
5293
20124
71
1666
1561
1167
2061
1004
1184
541
1225
1230
1178
22872
939
2329
2076
1250
1221
808
1199
1436
1324
4869
8145
3290
1732
16336
2290
616
684
2983
40180
833
1387
736
1055
211
1565
1387
1612
1341
2121
2154
40368
1985
866
1014
819
1140
1141
35306
1440
2856
4470
4155
1198
3096
6464
4195
999
1560
1983
706
609
4581
4765
1634
550
1036
802
1724
2053
3194
3597
1233
1767
14300
19414
28142
